#Layer_Color=32768
#
#Feature symbol names
#
$0 r1.9685
$1 r3.937

#
#Feature attribute names
#

#
#Layer features
#
L 0.0051181 0.2744095 0.0051181 0.7940945 0 P 0
L 0.0051181 0.2744095 0.2228347 0.2744095 0 P 0
L 0.0051181 0.7940945 0.2228347 0.7940945 0 P 0
L 0.2027559 0.5127953 0.2027559 0.6919291 0 P 0
L 0.2027559 0.5127953 0.3307087 0.5127953 0 P 0
L 0.2027559 0.6919291 0.3307087 0.6919291 0 P 0
L 0.2214567 0.8486221 0.2214567 1.4761811 0 P 0
L 0.2228347 0.2744095 0.2228347 0.7940945 0 P 0
L 0.2362205 0.9379922 0.2362205 1.0757874 0 P 0
L 0.2362205 0.9379922 0.4842519 0.9379922 0 P 0
L 0.2362205 1.0757874 0.4842519 1.0757874 0 P 0
L 0.2647717 1.2776299 0.2647717 1.3563701 0 P 0
L 0.2647717 1.2776299 0.3612283 1.2776299 0 P 0
L 0.2647717 1.3563701 0.3612283 1.3563701 0 P 0
L 0.2875985 1.0797244 0.2875985 1.152559 0 P 0
L 0.2875985 1.0797244 0.3246063 1.0797244 0 P 0
L 0.2875985 1.152559 0.3246063 1.152559 0 P 0
L 0.2972441 0.359252 0.2972441 0.5383858 0 P 0
L 0.2972441 0.359252 0.4251969 0.359252 0 P 0
L 0.2972441 0.5383858 0.4251969 0.5383858 0 P 0
L 0.3043307 0.5787402 0.3043307 0.6515748 0 P 0
L 0.3043307 0.5787402 0.3413385 0.5787402 0 P 0
L 0.3043307 0.6515748 0.3413385 0.6515748 0 P 0
L 0.3080708 0.515945 0.3080708 0.5529528 0 P 0
L 0.3080708 0.515945 0.3809054 0.515945 0 P 0
L 0.3080708 0.5529528 0.3809054 0.5529528 0 P 0
L 0.3149605 0.5187008 0.3149605 0.7942914 0 P 0
L 0.3149605 0.5187008 0.6692913 0.5187008 0 P 0
L 0.3149605 0.7942914 0.6692913 0.7942914 0 P 0
L 0.3246063 1.0797244 0.3246063 1.152559 0 P 0
L 0.3257873 -0.0177166 0.3257873 0.2755907 1 P 0
L 0.3257873 -0.0177166 0.4027952 -0.0177166 1 P 0
L 0.3257873 0.2755907 0.4084645 0.2755907 1 P 0
L 0.3307087 0.5127953 0.3307087 0.6919291 0 P 0
L 0.3413385 0.5787402 0.3413385 0.6515748 0 P 0
L 0.3612283 1.2776299 0.3612283 1.3563701 0 P 0
L -0.3736221 0.8486221 0.2214567 0.8486221 0 P 0
L -0.3736221 0.8486221 -0.3736221 1.4761811 0 P 0
L -0.3736221 1.4761811 0.2214567 1.4761811 0 P 0
L 0.3809054 0.515945 0.3809054 0.5529528 0 P 0
L 0.3828741 0.7657481 0.3828741 0.9035433 0 P 0
L 0.3828741 0.7657481 0.5285433 0.7657481 0 P 0
L 0.3828741 0.9035433 0.5285433 0.9035433 0 P 0
L 0.3996063 1.101378 0.3996063 1.4694882 0 P 0
L 0.3996063 1.101378 0.8444881 1.101378 0 P 0
L 0.3996063 1.4694882 0.8444881 1.4694882 0 P 0
L 0.4027952 -0.327953 0.4027952 -0.0177166 1 P 0
L 0.4027952 -0.327953 0.6661024 -0.327953 1 P 0
L 0.4084645 0.0669291 0.4084645 0.2755907 1 P 0
L 0.4084645 0.0669291 0.4950787 0.0669291 1 P 0
L 0.4163386 0.2933072 0.4163386 0.4389764 0 P 0
L 0.4163386 0.2933072 0.5541338 0.2933072 0 P 0
L 0.4163386 0.4389764 0.5541338 0.4389764 0 P 0
L 0.4251969 0.359252 0.4251969 0.5383858 0 P 0
L 0.4842519 0.9379922 0.4842519 1.0757874 0 P 0
L 0.4950787 0.0669291 0.4950787 0.1633859 1 P 0
L 0.4950787 0.1633859 0.5738189 0.1633859 1 P 0
L 0.4977244 0.4483465 0.4977244 0.4916535 0 P 0
L 0.4977244 0.4483465 0.5882756 0.4483465 0 P 0
L 0.4977244 0.4916535 0.5882756 0.4916535 0 P 0
L 0.5285433 0.7657481 0.5285433 0.9035433 0 P 0
L 0.5324803 0.8021654 0.5324803 1.0187008 0 P 0
L 0.5324803 0.8021654 0.7332677 0.8021654 0 P 0
L 0.5324803 1.0187008 0.7332677 1.0187008 0 P 0
L 0.5541338 0.2933072 0.5541338 0.4389764 0 P 0
L 0.5639764 0.2883859 0.5639764 0.4340551 0 P 0
L 0.5639764 0.2883859 0.7017716 0.2883859 0 P 0
L 0.5639764 0.4340551 0.7017716 0.4340551 0 P 0
L 0.5738189 0.0669291 0.5738189 0.1633859 1 P 0
L 0.5738189 0.0669291 0.6604331 0.0669291 1 P 0
L 0.5882756 0.4483465 0.5882756 0.4916535 0 P 0
L 0.613189 0.9113189 0.6525591 0.9113189 1 P 0
L 0.632874 0.8916339 0.632874 0.931004 1 P 0
L 0.6335827 0.5074961 0.6335827 0.5445039 0 P 0
L 0.6335827 0.5074961 0.7064173 0.5074961 0 P 0
L 0.6335827 0.5445039 0.7064173 0.5445039 0 P 0
L 0.6457244 0.4483465 0.6457244 0.4916535 0 P 0
L 0.6457244 0.4483465 0.7362756 0.4483465 0 P 0
L 0.6457244 0.4916535 0.7362756 0.4916535 0 P 0
L 0.6505905 0.6998033 0.6505905 0.7431103 0 P 0
L 0.6505905 0.6998033 0.7411417 0.6998033 0 P 0
L 0.6505905 0.7431103 0.7411417 0.7431103 0 P 0
L 0.6515748 0.5403544 0.6515748 0.5836614 0 P 0
L 0.6515748 0.5403544 0.742126 0.5403544 0 P 0
L 0.6515748 0.5836614 0.6515748 0.6269684 0 P 0
L 0.6515748 0.5836614 0.742126 0.5836614 0 P 0
L 0.6515748 0.5836614 0.742126 0.5836614 0 P 0
L 0.6515748 0.6269684 0.742126 0.6269684 0 P 0
L 0.6555118 0.6625984 0.6555118 0.6996062 0 P 0
L 0.6555118 0.6625984 0.7283464 0.6625984 0 P 0
L 0.6555118 0.6996062 0.7283464 0.6996062 0 P 0
L 0.6555119 0.6232284 0.6555119 0.6602362 0 P 0
L 0.6555119 0.6232284 0.7283465 0.6232284 0 P 0
L 0.6555119 0.6602362 0.7283465 0.6602362 0 P 0
L 0.6604331 0.0669291 0.6604331 0.2755907 1 P 0
L 0.6604331 0.2755907 0.7431103 0.2755907 1 P 0
L 0.6661024 -0.0177166 0.7431103 -0.0177166 1 P 0
L 0.6661024 -0.327953 0.6661024 -0.0177166 1 P 0
L 0.6692913 0.5187008 0.6692913 0.7942914 0 P 0
L 0.7017716 0.2883859 0.7017716 0.4340551 0 P 0
L 0.7064173 0.5074961 0.7064173 0.5445039 0 P 0
L 0.726378 0.7805118 0.726378 0.9281496 0 P 0
L 0.726378 0.7805118 0.8641732 0.7805118 0 P 0
L 0.726378 0.9281496 0.8641732 0.9281496 0 P 0
L 0.7283464 0.6625984 0.7283464 0.6996062 0 P 0
L 0.7283465 0.6232284 0.7283465 0.6602362 0 P 0
L 0.7332677 0.8021654 0.7332677 1.0187008 0 P 0
L 0.7362756 0.4483465 0.7362756 0.4916535 0 P 0
L 0.7411417 0.6998033 0.7411417 0.7431103 0 P 0
L 0.742126 0.5403544 0.742126 0.5836614 0 P 0
L 0.742126 0.5836614 0.742126 0.6269684 0 P 0
L 0.7431103 -0.0177166 0.7431103 0.2755907 1 P 0
L 0.7647637 0.6377953 0.7647637 0.7559055 0 P 0
L 0.7647637 0.6377953 0.8238189 0.6377953 0 P 0
L 0.7647637 0.7559055 0.8238189 0.7559055 0 P 0
L 0.7746062 -0.0206694 0.7746062 0.2726379 1 P 0
L 0.7746062 -0.0206694 0.8516141 -0.0206694 1 P 0
L 0.7746062 0.2726379 0.8572834 0.2726379 1 P 0
L 0.7824803 0.6968504 0.8061023 0.6968504 0 P 0
L 0.7942913 0.6850394 0.7942913 0.7086614 0 P 0
L 0.8238189 0.6377953 0.8238189 0.7559055 0 P 0
L 0.8338581 0.6190947 0.8338581 0.6919293 0 P 0
L 0.8338581 0.6190947 0.8708659 0.6190947 0 P 0
L 0.8338581 0.6919293 0.8708659 0.6919293 0 P 0
L 0.8444881 1.101378 0.8444881 1.4694882 0 P 0
L 0.8513778 0.6938979 0.8513778 0.7372049 0 P 0
L 0.8513778 0.6938979 0.941929 0.6938979 0 P 0
L 0.8513778 0.7372049 0.941929 0.7372049 0 P 0
L 0.8516141 -0.3309058 0.8516141 -0.0206694 1 P 0
L 0.8516141 -0.3309058 1.1149213 -0.3309058 1 P 0
L 0.8572834 0.0639763 0.8572834 0.2726379 1 P 0
L 0.8572834 0.0639763 0.9438976 0.0639763 1 P 0
L 0.8641732 0.7805118 0.8641732 0.9281496 0 P 0
L 0.8643699 0.7893703 0.8643699 0.8622049 0 P 0
L 0.8643699 0.7893703 0.9013777 0.7893703 0 P 0
L 0.8643699 0.8622049 0.9013777 0.8622049 0 P 0
L 0.8651573 0.7393703 0.8651573 0.7763781 0 P 0
L 0.8651573 0.7393703 0.9379919 0.7393703 0 P 0
L 0.8651573 0.7763781 0.9379919 0.7763781 0 P 0
L 0.8708659 0.6190947 0.8708659 0.6919293 0 P 0
L 0.8712597 0.6190947 0.8712597 0.6919293 0 P 0
L 0.8712597 0.6190947 0.9082675 0.6190947 0 P 0
L 0.8712597 0.6919293 0.9082675 0.6919293 0 P 0
L 0.9013777 0.7893703 0.9013777 0.8622049 0 P 0
L 0.90374 0.7893703 0.90374 0.8622049 0 P 0
L 0.90374 0.7893703 0.9407478 0.7893703 0 P 0
L 0.90374 0.8622049 0.9407478 0.8622049 0 P 0
L 0.907677 0.6190947 0.907677 0.6919293 0 P 0
L 0.907677 0.6190947 0.9446848 0.6190947 0 P 0
L 0.907677 0.6919293 0.9446848 0.6919293 0 P 0
L 0.9082675 0.6190947 0.9082675 0.6919293 0 P 0
L 0.9281494 0.4992128 0.9281494 0.5362206 0 P 0
L 0.9281494 0.4992128 1.000984 0.4992128 0 P 0
L 0.9281494 0.5362206 1.000984 0.5362206 0 P 0
L 0.9379919 0.7393703 0.9379919 0.7763781 0 P 0
L 0.9407478 0.7893703 0.9407478 0.8622049 0 P 0
L 0.941929 0.6938979 0.941929 0.7372049 0 P 0
L 0.9438974 0.4958663 0.9438974 0.8604333 0 P 0
L 0.9438974 0.4958663 1.2372044 0.4958663 0 P 0
L 0.9438974 0.8604333 1.2372044 0.8604333 0 P 0
L 0.9438976 0.0639763 0.9438976 0.1604331 1 P 0
L 0.9438976 0.1604331 1.0226378 0.1604331 1 P 0
L 0.9446848 0.6190947 0.9446848 0.6919293 0 P 0
L 0.9657479 0.8848428 0.9657479 0.9576774 0 P 0
L 0.9657479 0.8848428 1.0027557 0.8848428 0 P 0
L 0.9657479 0.9576774 1.0027557 0.9576774 0 P 0
L 1.000984 0.4992128 1.000984 0.5362206 0 P 0
L 1.0027557 0.8848428 1.0027557 0.9576774 0 P 0
L 1.0031495 0.8848428 1.0031495 0.9576774 0 P 0
L 1.0031495 0.8848428 1.0401573 0.8848428 0 P 0
L 1.0031495 0.9576774 1.0401573 0.9576774 0 P 0
L 1.0226378 0.0639763 1.0226378 0.1604331 1 P 0
L 1.0226378 0.0639763 1.109252 0.0639763 1 P 0
L 1.0401573 0.8848428 1.0401573 0.9576774 0 P 0
L 1.0413384 0.8809057 1.0413384 0.9990159 0 P 0
L 1.0413384 0.8809057 1.1003936 0.8809057 0 P 0
L 1.0413384 0.9990159 1.1003936 0.9990159 0 P 0
L 1.0521651 1.4950788 1.0521651 1.625 0 P 0
L 1.0521651 1.4950788 1.1249997 1.4950788 0 P 0
L 1.0521651 1.625 1.1249997 1.625 0 P 0
L 1.059055 0.9399608 1.082677 0.9399608 0 P 0
L 1.0659449 1.378937 1.0659449 1.4694882 0 P 0
L 1.0659449 1.378937 1.1092519 1.378937 0 P 0
L 1.0659449 1.4694882 1.1092519 1.4694882 0 P 0
L 1.070866 0.9281498 1.070866 0.9517718 0 P 0
L 1.1003936 0.8809057 1.1003936 0.9990159 0 P 0
L 1.1043305 0.88189 1.1043305 1.0000002 0 P 0
L 1.1043305 0.88189 1.1633857 0.88189 0 P 0
L 1.1043305 1.0000002 1.1633857 1.0000002 0 P 0
L 1.1092519 1.378937 1.1092519 1.4694882 0 P 0
L 1.109252 0.0639763 1.109252 0.2726379 1 P 0
L 1.109252 0.2726379 1.1919292 0.2726379 1 P 0
L 1.1149213 -0.0206694 1.1919292 -0.0206694 1 P 0
L 1.1149213 -0.3309058 1.1149213 -0.0206694 1 P 0
L 1.1220471 0.9409451 1.1456691 0.9409451 0 P 0
L 1.1249997 1.4950788 1.1249997 1.625 0 P 0
L 1.1338581 0.9291341 1.1338581 0.9527561 0 P 0
L 1.1368111 1.4950788 1.1368111 1.625 0 P 0
L 1.1368111 1.4950788 1.2096457 1.4950788 0 P 0
L 1.1368111 1.625 1.2096457 1.625 0 P 0
L 1.1515749 1.3799213 1.1515749 1.4704725 0 P 0
L 1.1515749 1.3799213 1.1948819 1.3799213 0 P 0
L 1.1515749 1.4704725 1.1948819 1.4704725 0 P 0
L 1.1633857 0.88189 1.1633857 1.0000002 0 P 0
L 1.1635825 0.8868112 1.1635825 0.9596458 0 P 0
L 1.1635825 0.8868112 1.2005903 0.8868112 0 P 0
L 1.1635825 0.9596458 1.2005903 0.9596458 0 P 0
L 1.1793305 0.4635829 1.1793305 0.5364175 0 P 0
L 1.1793305 0.4635829 1.2163383 0.4635829 0 P 0
L 1.1793305 0.5364175 1.2163383 0.5364175 0 P 0
L 1.1919292 -0.0206694 1.1919292 0.2726379 1 P 0
L 1.1948819 1.3799213 1.1948819 1.4704725 0 P 0
L 1.2005903 0.8868112 1.2005903 0.9596458 0 P 0
L 1.2019683 0.8868112 1.2019683 0.9596458 0 P 0
L 1.2019683 0.8868112 1.2389761 0.8868112 0 P 0
L 1.2019683 0.9596458 1.2389761 0.9596458 0 P 0
L 1.2096457 1.4950788 1.2096457 1.625 0 P 0
L 1.2125985 0.4586614 1.2125985 0.5492126 0 P 0
L 1.2125985 0.4586614 1.2559055 0.4586614 0 P 0
L 1.2125985 0.5492126 1.2559055 0.5492126 0 P 0
L 1.2163383 0.4635829 1.2163383 0.5364175 0 P 0
L 1.2204725 1.4950788 1.2204725 1.625 0 P 0
L 1.2204725 1.4950788 1.2933071 1.4950788 0 P 0
L 1.2204725 1.625 1.2933071 1.625 0 P 0
L 1.2362205 1.3799213 1.2362205 1.4704725 0 P 0
L 1.2362205 1.3799213 1.2795275 1.3799213 0 P 0
L 1.2362205 1.4704725 1.2795275 1.4704725 0 P 0
L 1.2372044 0.4958663 1.2372044 0.8604333 0 P 0
L 1.2387244 0.5613465 1.2387244 0.6046535 0 P 0
L 1.2387244 0.5613465 1.3292756 0.5613465 0 P 0
L 1.2387244 0.6046535 1.3292756 0.6046535 0 P 0
L 1.2387244 0.6403465 1.2387244 0.6836535 0 P 0
L 1.2387244 0.6403465 1.3292756 0.6403465 0 P 0
L 1.2387244 0.6836535 1.3292756 0.6836535 0 P 0
L 1.2389761 0.8868112 1.2389761 0.9596458 0 P 0
L 1.2397244 0.5963465 1.2397244 0.6396535 0 P 0
L 1.2397244 0.5963465 1.3302756 0.5963465 0 P 0
L 1.2397244 0.6396535 1.3302756 0.6396535 0 P 0
L 1.2427244 0.6873465 1.2427244 0.7306535 0 P 0
L 1.2427244 0.6873465 1.3332756 0.6873465 0 P 0
L 1.2427244 0.7306535 1.3332756 0.7306535 0 P 0
L 1.2437244 0.7233465 1.2437244 0.7666535 0 P 0
L 1.2437244 0.7233465 1.3342756 0.7233465 0 P 0
L 1.2437244 0.7593465 1.2437244 0.8026535 0 P 0
L 1.2437244 0.7593465 1.3342756 0.7593465 0 P 0
L 1.2437244 0.7666535 1.3342756 0.7666535 0 P 0
L 1.2437244 0.8026535 1.3342756 0.8026535 0 P 0
L 1.2534961 0.4695827 1.2534961 0.5424173 0 P 0
L 1.2534961 0.4695827 1.2905039 0.4695827 0 P 0
L 1.2534961 0.5424173 1.2905039 0.5424173 0 P 0
L 1.2559055 0.4586614 1.2559055 0.5492126 0 P 0
L 1.2795275 1.3799213 1.2795275 1.4704725 0 P 0
L 1.2905039 0.4695827 1.2905039 0.5424173 0 P 0
L 1.2933071 0.4557087 1.2933071 0.5462599 0 P 0
L 1.2933071 0.4557087 1.3366141 0.4557087 0 P 0
L 1.2933071 0.5462599 1.3366141 0.5462599 0 P 0
L 1.2933071 1.4950788 1.2933071 1.625 0 P 0
L 1.3051181 1.4950788 1.3051181 1.625 0 P 0
L 1.3051181 1.4950788 1.3779527 1.4950788 0 P 0
L 1.3051181 1.625 1.3779527 1.625 0 P 0
L 1.3208662 1.3799213 1.3208662 1.4704725 0 P 0
L 1.3208662 1.3799213 1.3641732 1.3799213 0 P 0
L 1.3208662 1.4704725 1.3641732 1.4704725 0 P 0
L 1.3292756 0.5613465 1.3292756 0.6046535 0 P 0
L 1.3292756 0.6403465 1.3292756 0.6836535 0 P 0
L 1.3297244 0.6901576 1.3297244 0.7271654 0 P 0
L 1.3297244 0.6901576 1.402559 0.6901576 0 P 0
L 1.3297244 0.7271654 1.402559 0.7271654 0 P 0
L 1.3302756 0.5963465 1.3302756 0.6396535 0 P 0
L 1.3305827 0.6414961 1.3305827 0.6785039 0 P 0
L 1.3305827 0.6414961 1.4034173 0.6414961 0 P 0
L 1.3305827 0.6785039 1.4034173 0.6785039 0 P 0
L 1.3332756 0.6873465 1.3332756 0.7306535 0 P 0
L 1.3342756 0.7233465 1.3342756 0.7666535 0 P 0
L 1.3342756 0.7593465 1.3342756 0.8026535 0 P 0
L 1.3366141 0.4557087 1.3366141 0.5462599 0 P 0
L 1.3641732 1.3799213 1.3641732 1.4704725 0 P 0
L 1.3779527 1.4950788 1.3779527 1.625 0 P 0
L 1.3996062 0.5364174 1.3996062 0.6702756 0 P 0
L 1.3996062 0.5364174 1.4783464 0.5364174 0 P 0
L 1.3996062 0.6702756 1.4783464 0.6702756 0 P 0
L 1.3996063 0.6722441 1.3996063 0.7509843 0 P 0
L 1.3996063 0.6722441 1.5334645 0.6722441 0 P 0
L 1.3996063 0.7509843 1.5334645 0.7509843 0 P 0
L 1.402559 0.6901576 1.402559 0.7271654 0 P 0
L 1.4034173 0.6414961 1.4034173 0.6785039 0 P 0
L 1.4783464 0.5364174 1.4783464 0.6702756 0 P 0
L 1.4832676 0.5836615 1.4832676 0.6269685 0 P 0
L 1.4832676 0.5836615 1.5738188 0.5836615 0 P 0
L 1.4832676 0.6269685 1.5738188 0.6269685 0 P 0
L 1.4832677 0.5442914 1.4832677 0.5875984 0 P 0
L 1.4832677 0.5442914 1.5738189 0.5442914 0 P 0
L 1.4832677 0.5875984 1.5738189 0.5875984 0 P 0
L 1.5334645 0.6722441 1.5334645 0.7509843 0 P 0
L 1.5403543 0.6350394 1.5403543 0.6720472 0 P 0
L 1.5403543 0.6350394 1.6131889 0.6350394 0 P 0
L 1.5403543 0.6720472 1.6131889 0.6720472 0 P 0
L 1.5620077 0.6872047 1.5620078 0.7242125 0 P 0
L 1.5620077 0.6872047 1.6348424 0.6872047 0 P 0
L 1.5620077 0.7629921 1.5620078 0.7999999 0 P 0
L 1.5620077 0.7629921 1.6348424 0.7629921 0 P 0
L 1.5620078 0.7242125 1.6348425 0.7242125 0 P 0
L 1.5620078 0.7246063 1.5620078 0.7616141 0 P 0
L 1.5620078 0.7246063 1.6348424 0.7246063 0 P 0
L 1.5620078 0.7616141 1.6348424 0.7616141 0 P 0
L 1.5620078 0.7999999 1.6348425 0.7999999 0 P 0
L 1.5738188 0.5836615 1.5738188 0.6269685 0 P 0
L 1.5738189 0.5442914 1.5738189 0.5875984 0 P 0
L 1.5769685 0.5482284 1.5769685 0.621063 0 P 0
L 1.5769685 0.5482284 1.6139763 0.5482284 0 P 0
L 1.5769685 0.621063 1.6139763 0.621063 0 P 0
L 1.5797244 1.0265749 1.5797244 1.0698819 0 P 0
L 1.5797244 1.0265749 1.6702756 1.0265749 0 P 0
L 1.5797244 1.0688977 1.5797244 1.1122047 0 P 0
L 1.5797244 1.0688977 1.6702756 1.0688977 0 P 0
L 1.5797244 1.0698819 1.6702756 1.0698819 0 P 0
L 1.5797244 1.1072836 1.5797244 1.1505906 0 P 0
L 1.5797244 1.1072836 1.6702756 1.1072836 0 P 0
L 1.5797244 1.1122047 1.6702756 1.1122047 0 P 0
L 1.5797244 1.1456694 1.5797244 1.1889764 0 P 0
L 1.5797244 1.1456694 1.6702756 1.1456694 0 P 0
L 1.5797244 1.1505906 1.6702756 1.1505906 0 P 0
L 1.5797244 1.1889764 1.6702756 1.1889764 0 P 0
L 1.5845827 1.1854961 1.5845827 1.2225039 0 P 0
L 1.5845827 1.1854961 1.6574173 1.1854961 0 P 0
L 1.5845827 1.2225039 1.6574173 1.2225039 0 P 0
L 1.6131889 0.6350394 1.6131889 0.6720472 0 P 0
L 1.6139763 0.5482284 1.6139763 0.621063 0 P 0
L 1.6301181 0.9537402 1.6301181 1.0265748 0 P 0
L 1.6301181 0.9537402 1.6671259 0.9537402 0 P 0
L 1.6301181 1.0265748 1.6671259 1.0265748 0 P 0
L 1.6348424 0.6872047 1.6348425 0.7242125 0 P 0
L 1.6348424 0.7246063 1.6348424 0.7616141 0 P 0
L 1.6348424 0.7629921 1.6348425 0.7999999 0 P 0
L 1.6574173 1.1854961 1.6574173 1.2225039 0 P 0
L 1.6624016 0.4675198 1.6624016 0.7529528 0 P 0
L 1.6624016 0.4675198 1.9478346 0.4675198 0 P 0
L 1.6624016 0.7529528 1.9478346 0.7529528 0 P 0
L 1.6671259 0.9537402 1.6671259 1.0265748 0 P 0
L 1.6702756 1.0265749 1.6702756 1.0698819 0 P 0
L 1.6702756 1.0688977 1.6702756 1.1122047 0 P 0
L 1.6702756 1.1072836 1.6702756 1.1505906 0 P 0
L 1.6702756 1.1456694 1.6702756 1.1889764 0 P 0
L 1.6712598 0.9458661 1.6712598 1.1919291 0 P 0
L 1.6712598 0.9458661 1.9173228 0.9458661 0 P 0
L 1.6712598 1.1919291 1.9173228 1.1919291 0 P 0
L 1.6715827 0.7594961 1.6715827 0.7965039 0 P 0
L 1.6715827 0.7594961 1.7444173 0.7594961 0 P 0
L 1.6715827 0.7965039 1.7444173 0.7965039 0 P 0
L 1.6735827 0.8064961 1.6735827 0.8435039 0 P 0
L 1.6735827 0.8064961 1.7464173 0.8064961 0 P 0
L 1.6735827 0.8435039 1.7464173 0.8435039 0 P 0
L 1.7068898 1.1988189 1.7068898 1.2716535 0 P 0
L 1.7068898 1.1988189 1.7438976 1.1988189 0 P 0
L 1.7068898 1.2716535 1.7438976 1.2716535 0 P 0
L 1.7088583 0.3937009 1.7088583 0.4665355 0 P 0
L 1.7088583 0.3937009 1.7458661 0.3937009 0 P 0
L 1.7088583 0.4665355 1.7458661 0.4665355 0 P 0
L 1.7157481 0.863189 1.7157481 0.9360236 0 P 0
L 1.7157481 0.863189 1.7527559 0.863189 0 P 0
L 1.7157481 0.9360236 1.7527559 0.9360236 0 P 0
L 1.7438976 1.1988189 1.7438976 1.2716535 0 P 0
L 1.7444173 0.7594961 1.7444173 0.7965039 0 P 0
L 1.7458661 0.3937009 1.7458661 0.4665355 0 P 0
L 1.7464173 0.8064961 1.7464173 0.8435039 0 P 0
L 1.7464961 0.7535826 1.7464961 0.8264173 0 P 0
L 1.7464961 0.7535826 1.7835039 0.7535827 0 P 0
L 1.7464961 0.8264173 1.7835039 0.8264174 0 P 0
L 1.7527559 0.863189 1.7527559 0.9360236 0 P 0
L 1.7531496 0.863189 1.7531496 0.9360236 0 P 0
L 1.7531496 0.863189 1.7901574 0.863189 0 P 0
L 1.7531496 0.9360236 1.7901574 0.9360236 0 P 0
L 1.7541339 1.1978347 1.7541339 1.2706693 0 P 0
L 1.7541339 1.1978347 1.7911417 1.1978347 0 P 0
L 1.7541339 1.2706693 1.7911417 1.2706693 0 P 0
L 1.7805118 1.496063 1.7805118 1.6259842 0 P 0
L 1.7805118 1.496063 1.8533464 1.496063 0 P 0
L 1.7805118 1.6259842 1.8533464 1.6259842 0 P 0
L 1.7823465 0.7507244 1.7823465 0.8412756 0 P 0
L 1.7823465 0.7507244 1.8256535 0.7507244 0 P 0
L 1.7823465 0.8412756 1.8256535 0.8412756 0 P 0
L 1.7835039 0.7535827 1.7835039 0.8264174 0 P 0
L 1.7901574 0.863189 1.7901574 0.9360236 0 P 0
L 1.7911417 1.1978347 1.7911417 1.2706693 0 P 0
L 1.7915355 0.863189 1.7915355 0.9360236 0 P 0
L 1.7915355 0.863189 1.8285433 0.863189 0 P 0
L 1.7915355 0.9360236 1.8285433 0.9360236 0 P 0
L 1.7972441 1.3858268 1.7972441 1.476378 0 P 0
L 1.7972441 1.3858268 1.8405511 1.3858268 0 P 0
L 1.7972441 1.476378 1.8405511 1.476378 0 P 0
L 1.8256535 0.7507244 1.8256535 0.8412756 0 P 0
L 1.8285433 0.863189 1.8285433 0.9360236 0 P 0
L 1.8299213 0.863189 1.8299213 0.9360236 0 P 0
L 1.8299213 0.863189 1.8669291 0.863189 0 P 0
L 1.8299213 0.9360236 1.8669291 0.9360236 0 P 0
L 1.8358268 0.7576813 1.8358268 0.8305159 0 P 0
L 1.8358268 0.7576813 1.8728346 0.7576813 0 P 0
L 1.8358268 0.8305159 1.8728346 0.8305159 0 P 0
L 1.8387795 0.3937009 1.8387795 0.4665355 0 P 0
L 1.8387795 0.3937009 1.8757873 0.3937009 0 P 0
L 1.8387795 0.4665355 1.8757873 0.4665355 0 P 0
L 1.8405511 1.3858268 1.8405511 1.476378 0 P 0
L 1.8533464 1.496063 1.8533464 1.6259842 0 P 0
L 1.8574804 1.2057087 1.8574804 1.2785433 0 P 0
L 1.8574804 1.2057087 1.8944882 1.2057087 0 P 0
L 1.8574804 1.2785433 1.8944882 1.2785433 0 P 0
L 1.8669291 0.863189 1.8669291 0.9360236 0 P 0
L 1.8683071 0.863189 1.8683071 0.9360236 0 P 0
L 1.8683071 0.863189 1.9053149 0.863189 0 P 0
L 1.8683071 0.9360236 1.9053149 0.9360236 0 P 0
L 1.8728346 0.7576813 1.8728346 0.8305159 0 P 0
L 1.8757873 0.3937009 1.8757873 0.4665355 0 P 0
L 1.8944882 1.2057087 1.8944882 1.2785433 0 P 0
L 1.8958662 1.2057087 1.8958662 1.2785433 0 P 0
L 1.8958662 1.2057087 1.932874 1.2057087 0 P 0
L 1.8958662 1.2785433 1.932874 1.2785433 0 P 0
L 1.9053149 0.863189 1.9053149 0.9360236 0 P 0
L 1.9066929 0.863189 1.9066929 0.9360236 0 P 0
L 1.9066929 0.863189 1.9437007 0.863189 0 P 0
L 1.9066929 0.9360236 1.9437007 0.9360236 0 P 0
L 1.9096457 0.2942914 1.9096457 0.367126 0 P 0
L 1.9096457 0.2942914 1.9466535 0.2942914 0 P 0
L 1.9096457 0.367126 1.9466535 0.367126 0 P 0
L 1.916441 1.3416693 1.916441 1.4145039 0 P 0
L 1.916441 1.3416693 1.9534488 1.3416693 0 P 0
L 1.916441 1.4145039 1.9534488 1.4145039 0 P 0
L 1.9173228 0.9458661 1.9173228 1.1919291 0 P 0
L 1.932874 1.2057087 1.932874 1.2785433 0 P 0
L 1.9360236 1.0767717 1.9360236 1.1200787 0 P 0
L 1.9360236 1.0767717 2.0265748 1.0767717 0 P 0
L 1.9360236 1.1200787 2.0265748 1.1200787 0 P 0
L 1.9409449 0.7610237 1.9409449 0.7980315 0 P 0
L 1.9409449 0.7610237 2.0137795 0.7610237 0 P 0
L 1.9409449 0.7980315 2.0137795 0.7980315 0 P 0
L 1.9437007 0.863189 1.9437007 0.9360236 0 P 0
L 1.9458662 0.3228347 1.9458662 0.4566929 0 P 0
L 1.9458662 0.3228347 2.109252 0.3228347 0 P 0
L 1.9458662 0.4566929 2.109252 0.4566929 0 P 0
L 1.9466535 0.2942914 1.9466535 0.367126 0 P 0
L 1.9478346 0.4675198 1.9478346 0.7529528 0 P 0
L 1.9480315 0.6624017 1.9480315 0.7352363 0 P 0
L 1.9480315 0.6624017 1.9850393 0.6624017 0 P 0
L 1.9480315 0.7352363 1.9850393 0.7352363 0 P 0
L 1.9526614 1.3298583 1.9526614 1.4637165 0 P 0
L 1.9526614 1.3298583 2.1160472 1.3298583 0 P 0
L 1.9526614 1.4637165 2.1160472 1.4637165 0 P 0
L 1.9534488 1.3416693 1.9534488 1.4145039 0 P 0
L 1.9547244 0.4586615 1.9547244 0.5019685 0 P 0
L 1.9547244 0.4586615 2.0452756 0.4586615 0 P 0
L 1.9547244 0.5019685 2.0452756 0.5019685 0 P 0
L 1.9554961 0.5175827 1.9554961 0.5904173 0 P 0
L 1.9554961 0.5175827 1.9925039 0.5175827 0 P 0
L 1.9554961 0.5904173 1.9925039 0.5904173 0 P 0
L 1.968504 0.7962599 1.968504 0.8830709 1 P 0
L 1.968504 0.7962599 2.015748 0.7962599 1 P 0
L 1.968504 0.8708662 1.968504 0.9576772 1 P 0
L 1.968504 0.8708662 2.015748 0.8708662 1 P 0
L 1.968504 0.8830709 2.015748 0.8830709 1 P 0
L 1.968504 0.9576772 2.015748 0.9576772 1 P 0
L 1.9775591 0.9990158 1.9775591 1.0718504 0 P 0
L 1.9775591 0.9990158 2.0145669 0.9990158 0 P 0
L 1.9775591 1.0718504 2.0145669 1.0718504 0 P 0
L 1.9850393 0.6624017 1.9850393 0.7352363 0 P 0
L 1.9860237 0.6732284 1.9860237 1.1062992 1 P 0
L 1.9860237 0.6732284 2.305315 0.6732284 1 P 0
L 1.9860237 1.1062992 2.305315 1.1062992 1 P 0
L 1.9925039 0.5175827 1.9925039 0.5904173 0 P 0
L 1.9949843 1.457811 1.9949843 1.5168662 0 P 0
L 1.9949843 1.457811 2.1170315 1.457811 0 P 0
L 1.9949843 1.5168662 2.1170315 1.5168662 0 P 0
L 2.0137795 0.7610237 2.0137795 0.7980315 0 P 0
L 2.0145669 0.9990158 2.0145669 1.0718504 0 P 0
L 2.015748 0.7962599 2.015748 0.8830709 1 P 0
L 2.015748 0.8708662 2.015748 0.9576772 1 P 0
L 2.0265748 1.0767717 2.0265748 1.1200787 0 P 0
L 2.0441969 1.4873386 2.0678189 1.4873386 0 P 0
L 2.0452756 0.4586615 2.0452756 0.5019685 0 P 0
L 2.0472441 0.4566929 2.0472441 0.5157481 0 P 0
L 2.0472441 0.4566929 2.1692913 0.4566929 0 P 0
L 2.0472441 0.5157481 2.1692913 0.5157481 0 P 0
L 2.0560079 1.4755276 2.0560079 1.4991496 0 P 0
L 2.0602363 1.1564961 2.0602363 1.2293307 0 P 0
L 2.0602363 1.1564961 2.0972441 1.1564961 0 P 0
L 2.0602363 1.2293307 2.0972441 1.2293307 0 P 0
L 2.0964567 0.4862205 2.1200787 0.4862205 0 P 0
L 2.0972441 1.1564961 2.0972441 1.2293307 0 P 0
L 2.1082677 0.4744095 2.1082677 0.4980315 0 P 0
L 2.109252 0.3228347 2.109252 0.4566929 0 P 0
L 2.1141732 0.3287402 2.1141732 0.4468504 0 P 0
L 2.1141732 0.3287402 2.1732284 0.3287402 0 P 0
L 2.1141732 0.4468504 2.1732284 0.4468504 0 P 0
L 2.1160472 1.3298583 2.1160472 1.4637165 0 P 0
L 2.1170315 1.2648977 2.1170315 1.3830079 0 P 0
L 2.1170315 1.2648977 2.1760867 1.2648977 0 P 0
L 2.1170315 1.3830079 2.1760867 1.3830079 0 P 0
L 2.1170315 1.457811 2.1170315 1.5168662 0 P 0
L 2.1318898 0.3877953 2.1555118 0.3877953 0 P 0
L 2.1347481 1.3239528 2.1583701 1.3239528 0 P 0
L 2.1437008 0.3759843 2.1437008 0.3996063 0 P 0
L 2.1465591 1.3121418 2.1465591 1.3357638 0 P 0
L 2.1692913 0.4566929 2.1692913 0.5157481 0 P 0
L 2.1732284 0.3287402 2.1732284 0.4468504 0 P 0
L 2.1760867 1.2648977 2.1760867 1.3830079 0 P 0
L 2.305315 0.6732284 2.305315 1.1062992 1 P 0
