#Layer_Color=16711935
#
#Feature symbol names
#
$0 r3.937
$1 r1
$2 r7.874

#
#Feature attribute names
#

#
#Layer features
#
L 0.9084643 1.5777559 1.0226376 1.5777559 2 P 0
L 0.9084643 1.6777559 1.0226376 1.6777559 2 P 0
L 0.9084643 1.7777559 1.0226376 1.7777559 2 P 0
L 0.9084643 1.8777559 1.0226376 1.8777559 2 P 0
L 0.9084643 1.9777559 1.0226376 1.9777559 2 P 0
L 0.9084643 2.0777559 1.0226376 2.0777559 2 P 0
L 1.0226376 1.5277559 1.0226376 2.1277559 2 P 0
L 1.0226376 1.5277559 1.1643699 1.5277559 2 P 0
L 1.0226376 2.1277559 1.1643699 2.1277559 2 P 0
L 1.1643699 1.5277559 1.1643699 2.1277559 2 P 0
L 1.2275591 2.0935039 1.2275591 2.2057087 0 P 0
L 1.2275591 2.0935039 1.5114173 2.0935039 0 P 0
L 1.2275591 2.2057087 1.5114173 2.2057087 0 P 0
L 1.3001535 1.9152285 1.3001535 1.9312285 1 P 0
L 1.3001535 1.9152285 1.3376535 1.9152285 1 P 0
L 1.3001535 1.9312285 1.3376535 1.9312285 1 P 0
L 1.3001535 1.940819 1.3001535 1.956819 1 P 0
L 1.3001535 1.940819 1.3376535 1.940819 1 P 0
L 1.3001535 1.956819 1.3376535 1.956819 1 P 0
L 1.3001535 1.9664096 1.3001535 1.9824096 1 P 0
L 1.3001535 1.9664096 1.3376535 1.9664096 1 P 0
L 1.3001535 1.9824096 1.3376535 1.9824096 1 P 0
L 1.3001535 1.9920001 1.3001535 2.0080001 1 P 0
L 1.3001535 1.9920001 1.3376535 1.9920001 1 P 0
L 1.3001535 2.0080001 1.3376535 2.0080001 1 P 0
L 1.3376535 1.9026143 1.3376535 2.0206143 1 P 0
L 1.3376535 1.9026143 1.4556535 1.9026143 1 P 0
L 1.3376535 1.9152285 1.3376535 1.9312285 1 P 0
L 1.3376535 1.940819 1.3376535 1.956819 1 P 0
L 1.3376535 1.9664096 1.3376535 1.9824096 1 P 0
L 1.3376535 1.9920001 1.3376535 2.0080001 1 P 0
L 1.3376535 2.0206143 1.4556535 2.0206143 1 P 0
L 1.3415354 1.8257875 1.3415354 1.8631891 0 P 0
L 1.3415354 1.8257875 1.4104331 1.8257875 0 P 0
L 1.3415354 1.8631891 1.4104331 1.8631891 0 P 0
L 1.3425197 2.0452756 1.3425197 2.0649606 0 P 0
L 1.3425197 2.0452756 1.3818897 2.0452756 0 P 0
L 1.3425197 2.0649606 1.3818897 2.0649606 0 P 0
L 1.3523622 1.6751969 1.3523622 1.7539371 0 P 0
L 1.3523622 1.6751969 1.4311024 1.6751969 0 P 0
L 1.3523622 1.7539371 1.4311024 1.7539371 0 P 0
L 1.3818897 2.0452756 1.3818897 2.0649606 0 P 0
L 1.4104331 1.8257875 1.4104331 1.8631891 0 P 0
L 1.4114173 1.6751969 1.4311024 1.694882 0 P 0
L 1.4311024 1.6751969 1.4311024 1.7539371 0 P 0
L 1.4320867 1.7864173 1.4320867 1.855315 0 P 0
L 1.4320867 1.7864173 1.4694883 1.7864173 0 P 0
L 1.4320867 1.855315 1.4694883 1.855315 0 P 0
L 1.4556535 1.9026143 1.4556535 2.0206143 1 P 0
L 1.4556535 1.9152285 1.4556535 1.9312285 1 P 0
L 1.4556535 1.9152285 1.4931535 1.9152285 1 P 0
L 1.4556535 1.9312285 1.4931535 1.9312285 1 P 0
L 1.4556535 1.940819 1.4556535 1.956819 1 P 0
L 1.4556535 1.940819 1.4931535 1.940819 1 P 0
L 1.4556535 1.956819 1.4931535 1.956819 1 P 0
L 1.4556535 1.9664096 1.4556535 1.9824096 1 P 0
L 1.4556535 1.9664096 1.4931535 1.9664096 1 P 0
L 1.4556535 1.9824096 1.4931535 1.9824096 1 P 0
L 1.4556535 1.9920001 1.4556535 2.0080001 1 P 0
L 1.4556535 1.9920001 1.4931535 1.9920001 1 P 0
L 1.4556535 2.0080001 1.4931535 2.0080001 1 P 0
L 1.4694883 1.7864173 1.4694883 1.855315 0 P 0
L 1.4931535 1.9152285 1.4931535 1.9312285 1 P 0
L 1.4931535 1.940819 1.4931535 1.956819 1 P 0
L 1.4931535 1.9664096 1.4931535 1.9824096 1 P 0
L 1.4931535 1.9920001 1.4931535 2.0080001 1 P 0
L 1.5114173 2.0935039 1.5114173 2.2057087 0 P 0
L 1.6929133 1.5826771 1.6929133 1.7401575 0 P 0
L 1.6929133 1.5826771 1.8503937 1.5826771 0 P 0
L 1.6929133 1.7086614 1.7244094 1.7401575 0 P 0
L 1.6929133 1.7401575 1.8503937 1.7401575 0 P 0
L 1.6929133 1.8779527 1.6929133 2.0354331 0 P 0
L 1.6929133 1.8779527 1.8503937 1.8779527 0 P 0
L 1.6929133 2.003937 1.7244094 2.0354331 0 P 0
L 1.6929133 2.0354331 1.8503937 2.0354331 0 P 0
L 1.8031495 1.7785433 1.8031495 1.8277559 0 P 0
L 1.8031495 1.7785433 1.8818897 1.7785433 0 P 0
L 1.8031495 1.8277559 1.8818897 1.8277559 0 P 0
L 1.8031495 2.0698819 1.8031495 2.1190945 0 P 0
L 1.8031495 2.0698819 1.8818897 2.0698819 0 P 0
L 1.8031495 2.1190945 1.8818897 2.1190945 0 P 0
L 1.8503937 1.5826771 1.8503937 1.7401575 0 P 0
L 1.8503937 1.8779527 1.8503937 2.0354331 0 P 0
L 1.8818897 1.7785433 1.8818897 1.8277559 0 P 0
L 1.8818897 2.0698819 1.8818897 2.1190945 0 P 0
L 1.9370078 1.7755906 1.9370078 1.9094488 0 P 0
L 1.9370078 1.7755906 2.0078739 1.7755906 0 P 0
L 1.9370078 1.9094488 2.0078739 1.9094488 0 P 0
L 2.0078739 1.7755906 2.0078739 1.9094488 0 P 0
L 2.0374016 1.5344485 2.0374016 1.5915352 0 P 0
L 2.0374016 1.5344485 2.1240157 1.5344485 0 P 0
L 2.0374016 1.5915352 2.1240157 1.5915352 0 P 0
L 2.0521654 1.8307086 2.0521654 1.8877953 0 P 0
L 2.0521654 1.8307086 2.1387795 1.8307086 0 P 0
L 2.0521654 1.8877953 2.1387795 1.8877953 0 P 0
L 2.0974409 1.617126 2.0974409 1.8100394 0 P 0
L 2.0974409 1.617126 2.2509843 1.617126 0 P 0
L 2.0974409 1.7600394 2.1474409 1.8100394 0 P 0
L 2.0974409 1.8100394 2.2509843 1.8100394 0 P 0
L 2.0974409 1.9084646 2.0974409 2.101378 0 P 0
L 2.0974409 1.9084646 2.2509843 1.9084646 0 P 0
L 2.0974409 2.051378 2.1474409 2.101378 0 P 0
L 2.0974409 2.101378 2.2509843 2.101378 0 P 0
L 2.1240157 1.5344485 2.1240157 1.5915352 0 P 0
L 2.1387795 1.8307086 2.1387795 1.8877953 0 P 0
L 2.1653544 1.5275591 2.1653544 1.5984252 0 P 0
L 2.1653544 1.5275591 2.2992126 1.5275591 0 P 0
L 2.1653544 1.5984252 2.2992126 1.5984252 0 P 0
L 2.2509843 1.617126 2.2509843 1.8100394 0 P 0
L 2.2509843 1.9084646 2.2509843 2.101378 0 P 0
L 2.2992126 1.5275591 2.2992126 1.5984252 0 P 0
L 2.3523621 1.6358268 2.3523621 1.75 0 P 0
L 2.3523621 1.6358268 2.4035433 1.6358268 0 P 0
L 2.3523621 1.75 2.4035433 1.75 0 P 0
L 2.3523621 1.8799213 2.3523621 1.9940945 0 P 0
L 2.3523621 1.8799213 2.4035433 1.8799213 0 P 0
L 2.3523621 1.9940945 2.4035433 1.9940945 0 P 0
L 2.4035433 1.6358268 2.4035433 1.75 0 P 0
L 2.4035433 1.8799213 2.4035433 1.9940945 0 P 0
L 2.4854331 1.4498031 2.4854331 1.5620079 0 P 0
L 2.4854331 1.4498031 2.7692913 1.4498031 0 P 0
L 2.4854331 1.5620079 2.7692913 1.5620079 0 P 0
L 2.4854331 2.0935039 2.4854331 2.2057087 0 P 0
L 2.4854331 2.0935039 2.7692913 2.0935039 0 P 0
L 2.4854331 2.2057087 2.7692913 2.2057087 0 P 0
L 2.7692913 1.4498031 2.7692913 1.5620079 0 P 0
L 2.7692913 2.0935039 2.7692913 2.2057087 0 P 0
