#Layer_Color=8388736
#
#Feature symbol names
#
$0 r3.937

#
#Feature attribute names
#

#
#Layer features
#
L 1.2283496 1.9350378 1.2283496 2.0039354 0 P 0
L 1.2283496 1.9350378 1.2657512 1.9350378 0 P 0
L 1.2283496 2.0039354 1.2657512 2.0039354 0 P 0
L 1.2588566 1.6131858 1.2588566 1.6505874 0 P 0
L 1.2588566 1.6131858 1.3277542 1.6131858 0 P 0
L 1.2588566 1.6505874 1.3277542 1.6505874 0 P 0
L 1.2627921 1.7234269 1.2627921 1.7923245 0 P 0
L 1.2627921 1.7234269 1.3001937 1.7234269 0 P 0
L 1.2627921 1.7923245 1.3001937 1.7923245 0 P 0
L 1.2657512 1.9350378 1.2657512 2.0039354 0 P 0
L 1.3001937 1.7234269 1.3001937 1.7923245 0 P 0
L 1.3277542 1.6131858 1.3277542 1.6505874 0 P 0
L 1.3848408 1.6131858 1.3848408 1.6505874 0 P 0
L 1.3848408 1.6131858 1.4537384 1.6131858 0 P 0
L 1.3848408 1.6505874 1.4537384 1.6505874 0 P 0
L 1.4537384 1.6131858 1.4537384 1.6505874 0 P 0
L 1.4950819 1.6722424 1.4950819 1.74114 0 P 0
L 1.4950819 1.6722424 1.5324835 1.6722424 0 P 0
L 1.4950819 1.74114 1.5324835 1.74114 0 P 0
L 1.5324771 1.9301198 1.5324771 1.9990174 0 P 0
L 1.5324771 1.9301198 1.5698787 1.9301198 0 P 0
L 1.5324771 1.9990174 1.5698787 1.9990174 0 P 0
L 1.5324835 1.6722424 1.5324835 1.74114 0 P 0
L 1.5698787 1.9301198 1.5698787 1.9990174 0 P 0
L 1.6938959 1.7844456 1.6938959 1.8218472 0 P 0
L 1.6938959 1.7844456 1.7627935 1.7844456 0 P 0
L 1.6938959 1.8218472 1.7627935 1.8218472 0 P 0
L 1.6938959 2.0757842 1.6938959 2.1131858 0 P 0
L 1.6938959 2.0757842 1.7627935 2.0757842 0 P 0
L 1.6938959 2.1131858 1.7627935 2.1131858 0 P 0
L 1.7627935 1.7844456 1.7627935 1.8218472 0 P 0
L 1.7627935 2.0757842 1.7627935 2.1131858 0 P 0
L 1.9045293 1.5807118 1.9045293 1.6181134 0 P 0
L 1.9045293 1.5807118 1.9734269 1.5807118 0 P 0
L 1.9045293 1.6181134 1.9734269 1.6181134 0 P 0
L 1.9045293 1.9694914 1.9045293 2.006893 0 P 0
L 1.9045293 1.9694914 1.9734269 1.9694914 0 P 0
L 1.9045293 2.006893 1.9734269 2.006893 0 P 0
L 1.9055135 1.6653575 1.9055135 1.7027591 0 P 0
L 1.9055135 1.6653575 1.9744111 1.6653575 0 P 0
L 1.9055135 1.7027591 1.9744111 1.7027591 0 P 0
L 1.9734269 1.5807118 1.9734269 1.6181134 0 P 0
L 1.9734269 1.9694914 1.9734269 2.006893 0 P 0
L 1.9744111 1.6653575 1.9744111 1.7027591 0 P 0
L 2.4665354 1.8267717 2.7037402 1.8267717 0 P 0
L 2.5167322 1.63937 2.5167322 1.6795275 0 P 0
L 2.5167322 1.63937 2.7687008 1.63937 0 P 0
L 2.5167322 1.6795275 2.7037402 1.6795275 0 P 0
L 2.5167322 1.9740159 2.5167322 2.0141734 0 P 0
L 2.5167322 1.9740159 2.7037402 1.9740159 0 P 0
L 2.5167322 2.0141734 2.7687008 2.0141734 0 P 0
L 2.6285433 1.8168784 2.6285433 1.836665 0 P 0
L 2.6285433 1.8168784 2.7037402 1.8168784 0 P 0
L 2.6285433 1.836665 2.7037402 1.836665 0 P 0
L 2.7037402 1.63937 2.7037402 1.8267717 0 P 0
L 2.7037402 1.8267717 2.7037402 2.0141734 0 P 0
L 2.7687008 1.63937 2.7687008 2.0141734 0 P 0
L 2.7687008 1.7304177 2.881693 1.7304177 0 P 0
L 2.7687008 1.9233572 2.881693 1.9233572 0 P 0
L 2.881693 1.7304177 2.881693 1.9233574 0 P 0
L 2.881693 1.7304177 2.8964568 1.7218506 0 P 0
L 2.881693 1.9233572 2.8964568 1.931693 0 P 0
L 2.8964568 1.7199727 2.8964568 1.9336615 0 P 0
L 2.8964568 1.7199727 2.9047639 1.7049606 0 P 0
L 2.8964568 1.7199727 2.910197 1.9485828 0 P 0
L 2.8964568 1.7199727 2.9185041 1.9336615 0 P 0
L 2.8964568 1.7218506 2.9047639 1.9485828 0 P 0
L 2.8964568 1.9336615 2.9047639 1.9485828 0 P 0
L 2.9047639 1.7049606 2.910197 1.7049606 0 P 0
L 2.9047639 1.7049606 2.9268112 1.9485828 0 P 0
L 2.9047639 1.9485828 2.910197 1.9485828 0 P 0
L 2.910197 1.7049606 2.9185041 1.7198819 0 P 0
L 2.910197 1.7049606 2.9322442 1.9485828 0 P 0
L 2.910197 1.9485828 2.9185041 1.9336615 0 P 0
L 2.9185041 1.7198819 2.9268112 1.7049606 0 P 0
L 2.9185041 1.7198819 2.9405513 1.9336615 0 P 0
L 2.9185041 1.9336615 2.9268112 1.9485828 0 P 0
L 2.9268112 1.7049606 2.9322442 1.7049606 0 P 0
L 2.9268112 1.7049606 2.9488584 1.9485828 0 P 0
L 2.9268112 1.9485828 2.9322442 1.9485828 0 P 0
L 2.9322442 1.7049606 2.9405513 1.7198819 0 P 0
L 2.9322442 1.7049606 2.9542915 1.9485828 0 P 0
L 2.9322442 1.9485828 2.9405513 1.9336615 0 P 0
L 2.9405513 1.7198819 2.9488584 1.7049606 0 P 0
L 2.9405513 1.7198819 2.9625986 1.9336615 0 P 0
L 2.9405513 1.9336615 2.9488584 1.9485828 0 P 0
L 2.9488584 1.7049606 2.9542915 1.7049606 0 P 0
L 2.9488584 1.7049606 2.9709057 1.9485828 0 P 0
L 2.9488584 1.9485828 2.9542915 1.9485828 0 P 0
L 2.9542915 1.7049606 2.9625986 1.7198819 0 P 0
L 2.9542915 1.7049606 2.9763387 1.9485828 0 P 0
L 2.9542915 1.9485828 2.9625986 1.9336615 0 P 0
L 2.9625986 1.7198819 2.9709057 1.7049606 0 P 0
L 2.9625986 1.7198819 2.9846458 1.9336615 0 P 0
L 2.9625986 1.9336615 2.9709057 1.9485828 0 P 0
L 2.9709057 1.7049606 2.9763387 1.7049606 0 P 0
L 2.9709057 1.7049606 2.9929529 1.9485828 0 P 0
L 2.9709057 1.9485828 2.9763387 1.9485828 0 P 0
L 2.9763387 1.7049606 2.9846458 1.7198819 0 P 0
L 2.9763387 1.7049606 2.998386 1.9485828 0 P 0
L 2.9763387 1.9485828 2.9846458 1.9336615 0 P 0
L 2.9846458 1.7198819 2.9929529 1.7049606 0 P 0
L 2.9846458 1.7198819 3.0066931 1.9336615 0 P 0
L 2.9846458 1.9336615 2.9929529 1.9485828 0 P 0
L 2.9929529 1.7049606 2.998386 1.7049606 0 P 0
L 2.9929529 1.7049606 3.0150002 1.9485828 0 P 0
L 2.9929529 1.9485828 2.998386 1.9485828 0 P 0
L 2.998386 1.7049606 3.0066931 1.7198819 0 P 0
L 2.998386 1.7049606 3.0204333 1.9485828 0 P 0
L 2.998386 1.9485828 3.0066931 1.9336615 0 P 0
L 3.0066931 1.7198819 3.0150002 1.7049606 0 P 0
L 3.0066931 1.7198819 3.0287404 1.9336615 0 P 0
L 3.0066931 1.9336615 3.0150002 1.9485828 0 P 0
L 3.0150002 1.7049606 3.0204333 1.7049606 0 P 0
L 3.0150002 1.7049606 3.0370474 1.9485828 0 P 0
L 3.0150002 1.9485828 3.0204333 1.9485828 0 P 0
L 3.0204333 1.7049606 3.0287404 1.7198819 0 P 0
L 3.0204333 1.7049606 3.0424805 1.9485828 0 P 0
L 3.0204333 1.9485828 3.0287404 1.9336615 0 P 0
L 3.0287404 1.7198819 3.0370474 1.7049606 0 P 0
L 3.0287404 1.7198819 3.0507876 1.931693 0 P 0
L 3.0287404 1.9336615 3.0370474 1.9485828 0 P 0
L 3.0370474 1.7049606 3.0424805 1.7049606 0 P 0
L 3.0370474 1.7049606 3.0507876 1.931693 0 P 0
L 3.0370474 1.9485828 3.0424805 1.9485828 0 P 0
L 3.0424805 1.7049606 3.0507876 1.7198819 0 P 0
L 3.0424805 1.7049606 3.0507876 1.931693 0 P 0
L 3.0424805 1.9485828 3.0507876 1.931693 0 P 0
L 3.0507876 1.7198819 3.0507876 1.931693 0 P 0
L 3.0507876 1.7218504 3.0789372 1.7218504 0 P 0
L 3.0507876 1.931693 3.0789372 1.931693 0 P 0
L 3.0789372 1.7218504 3.0789372 1.931693 0 P 0
