#Layer_Color=16711935
#
#Feature symbol names
#
$0 r3.937
$1 r1
$2 r6

#
#Feature attribute names
#

#
#Layer features
#
A 1.4773622 0.8288386 1.4773622 0.8288386 1.4576772 0.8288386 0 P 0 N
L 0.0033465 1.0307087 0.0033465 1.6385827 0 P 0
L 0.0033465 1.0307087 0.1017717 1.0307087 0 P 0
L 0.0033465 1.6385827 0.1017717 1.6385827 0 P 0
L 0.005315 0.0661417 0.005315 0.6740157 0 P 0
L 0.005315 0.0661417 0.1037402 0.0661417 0 P 0
L 0.005315 0.6740157 0.1037402 0.6740157 0 P 0
L 0.0944882 0.8956693 0.0944882 0.9153543 0 P 0
L 0.0944882 0.8956693 0.1338582 0.8956693 0 P 0
L 0.0944882 0.9153543 0.1338582 0.9153543 0 P 0
L 0.1017717 1.0307087 0.1017717 1.6385827 0 P 0
L 0.1037402 0.0661417 0.1037402 0.6740157 0 P 0
L 0.1338582 0.8956693 0.1338582 0.9153543 0 P 0
L 0.140748 0.7578741 0.140748 0.8759843 0 P 0
L 0.140748 0.7578741 0.2588582 0.7578741 0 P 0
L 0.140748 0.8503938 0.1663385 0.8759843 0 P 0
L 0.140748 0.8759843 0.2588582 0.8759843 0 P 0
L 0.2588582 0.7578741 0.2588582 0.8759843 0 P 0
L 0.3855564 0.898354 0.5115428 1.0484988 2 P 0
L 0.3855564 0.898354 0.5357012 0.7723676 2 P 0
L 0.4003406 0.9159732 0.408054 0.9251656 2 P 0
L 0.4031755 0.8835698 0.412368 0.8758565 2 P 0
L 0.4131963 0.9312939 0.4209097 0.9404865 2 P 0
L 0.4184964 0.8707142 0.4276889 0.8630006 2 P 0
L 0.4254093 0.9458486 0.4331226 0.9550414 2 P 0
L 0.4330512 0.8585013 0.4422438 0.8507877 2 P 0
L 0.4382649 0.9611697 0.4459785 0.9703622 2 P 0
L 0.448372 0.8456455 0.4575645 0.837932 2 P 0
L 0.4511208 0.9764907 0.4588343 0.9856832 2 P 0
L 0.4571692 0.7382944 0.4722487 0.7256411 0 P 0
L 0.4571692 0.7382944 0.4824757 0.7684537 0 P 0
L 0.463693 0.8327897 0.4728855 0.8250761 2 P 0
L 0.4639765 0.9918114 0.4716901 1.001004 2 P 0
L 0.4670116 1.0953671 0.4820912 1.1080204 0 P 0
L 0.4670116 1.0953671 0.4923182 1.065208 0 P 0
L 0.4722487 0.7256411 0.4975552 0.7558004 0 P 0
L 0.4761894 1.0063663 0.483903 1.0155588 2 P 0
L 0.4790138 0.8199338 0.4882066 0.8122205 2 P 0
L 0.4812558 0.2400315 0.4812558 0.2560315 1 P 0
L 0.4812558 0.2400315 0.5187558 0.2400315 1 P 0
L 0.4812558 0.2560315 0.5187558 0.2560315 1 P 0
L 0.4812558 0.265622 0.4812558 0.281622 1 P 0
L 0.4812558 0.265622 0.5187558 0.265622 1 P 0
L 0.4812558 0.281622 0.5187558 0.281622 1 P 0
L 0.4812558 0.2912126 0.4812558 0.3072126 1 P 0
L 0.4812558 0.2912126 0.5187558 0.2912126 1 P 0
L 0.4812558 0.3072126 0.5187558 0.3072126 1 P 0
L 0.4812558 0.3168031 0.4812558 0.3328031 1 P 0
L 0.4812558 0.3168031 0.5187558 0.3168031 1 P 0
L 0.4812558 0.3328031 0.5187558 0.3328031 1 P 0
L 0.4820912 1.1080204 0.5073978 1.0778613 0 P 0
L 0.4824757 0.7684537 0.4975552 0.7558004 0 P 0
L 0.4890453 1.0216872 0.4967586 1.0308797 2 P 0
L 0.4923182 1.065208 0.5073978 1.0778613 0 P 0
L 0.4935687 0.8077209 0.5027613 0.8000075 2 P 0
L 0.5 0.6535434 0.5 0.6929134 0 P 0
L 0.5 0.6535434 0.519685 0.6535434 0 P 0
L 0.5 0.6929134 0.519685 0.6929134 0 P 0
L 0.5088896 0.7948652 0.518082 0.7871518 2 P 0
L 0.5115428 1.0484988 0.6616876 0.9225124 2 P 0
L 0.5187558 0.2274173 0.5187558 0.3454173 1 P 0
L 0.5187558 0.2274173 0.6367558 0.2274173 1 P 0
L 0.5187558 0.2400315 0.5187558 0.2560315 1 P 0
L 0.5187558 0.265622 0.5187558 0.281622 1 P 0
L 0.5187558 0.2912126 0.5187558 0.3072126 1 P 0
L 0.5187558 0.3168031 0.5187558 0.3328031 1 P 0
L 0.5187558 0.3454173 0.6367558 0.3454173 1 P 0
L 0.519685 0.6535434 0.519685 0.6929134 0 P 0
L 0.529162 1.0337146 0.5383544 1.0260012 2 P 0
L 0.5357012 0.7723676 0.6616876 0.9225124 2 P 0
L 0.5383857 0.4862206 0.5383857 0.6003938 0 P 0
L 0.5383857 0.4862206 0.5895669 0.4862206 0 P 0
L 0.5383857 0.6003938 0.5895669 0.6003938 0 P 0
L 0.5444827 1.0208589 0.5536753 1.0131455 2 P 0
L 0.5504854 0.7899867 0.5581987 0.7991792 2 P 0
L 0.5545275 0.4862206 0.5895669 0.52126 0 P 0
L 0.5590374 1.0086459 0.5682302 1.0009326 2 P 0
L 0.563341 0.8053076 0.5710546 0.8145001 2 P 0
L 0.5743585 0.9957903 0.583551 0.9880767 2 P 0
L 0.5755539 0.8198624 0.5832675 0.829055 2 P 0
L 0.5884097 0.8351832 0.5961232 0.8443757 2 P 0
L 0.5895669 0.4862206 0.5895669 0.6003938 0 P 0
L 0.5896795 0.9829344 0.598872 0.9752209 2 P 0
L 0.6012655 0.8505042 0.6089791 0.8596967 2 P 0
L 0.6050002 0.9700787 0.6141928 0.9623651 2 P 0
L 0.6065466 0.7826726 0.6191999 0.7977522 0 P 0
L 0.6065466 0.7826726 0.6367057 0.757366 0 P 0
L 0.6141214 0.865825 0.6218347 0.8750178 2 P 0
L 0.6191999 0.7977522 0.649359 0.7724456 0 P 0
L 0.6195551 0.9578658 0.6287476 0.9501522 2 P 0
L 0.6233854 0.9546515 0.6295481 0.8842102 2 P 0
L 0.6263343 0.8803799 0.6340477 0.8895725 2 P 0
L 0.634876 0.9450099 0.6440685 0.9372966 2 P 0
L 0.6350897 1.0263827 0.6477431 1.0113031 0 P 0
L 0.6350897 1.0263827 0.6652489 1.0516893 0 P 0
L 0.6350898 0.816137 0.6477431 0.8312167 0 P 0
L 0.6350898 0.816137 0.6652491 0.7908305 0 P 0
L 0.6367057 0.757366 0.649359 0.7724456 0 P 0
L 0.6367558 0.2274173 0.6367558 0.3454173 1 P 0
L 0.6367558 0.2400315 0.6367558 0.2560315 1 P 0
L 0.6367558 0.2400315 0.6742558 0.2400315 1 P 0
L 0.6367558 0.2560315 0.6742558 0.2560315 1 P 0
L 0.6367558 0.265622 0.6367558 0.281622 1 P 0
L 0.6367558 0.265622 0.6742558 0.265622 1 P 0
L 0.6367558 0.281622 0.6742558 0.281622 1 P 0
L 0.6367558 0.2912126 0.6367558 0.3072126 1 P 0
L 0.6367558 0.2912126 0.6742558 0.2912126 1 P 0
L 0.6367558 0.3072126 0.6742558 0.3072126 1 P 0
L 0.6367558 0.3168031 0.6367558 0.3328031 1 P 0
L 0.6367558 0.3168031 0.6742558 0.3168031 1 P 0
L 0.6367558 0.3328031 0.6742558 0.3328031 1 P 0
L 0.63919 0.8957008 0.6469034 0.9048932 2 P 0
L 0.6477431 0.8312167 0.6779024 0.8059102 0 P 0
L 0.6477431 1.0113031 0.6779023 1.0366097 0 P 0
L 0.6606803 0.9948867 0.6733336 0.979807 0 P 0
L 0.6606803 0.9948867 0.6908396 1.0201932 0 P 0
L 0.6652489 1.0516893 0.6779023 1.0366097 0 P 0
L 0.6652491 0.7908305 0.6779024 0.8059102 0 P 0
L 0.6733336 0.979807 0.7034929 1.0051135 0 P 0
L 0.6742558 0.2400315 0.6742558 0.2560315 1 P 0
L 0.6742558 0.265622 0.6742558 0.281622 1 P 0
L 0.6742558 0.2912126 0.6742558 0.3072126 1 P 0
L 0.6742558 0.3168031 0.6742558 0.3328031 1 P 0
L 0.6908396 1.0201932 0.7034929 1.0051135 0 P 0
L 0.694882 0.8966536 0.694882 0.9163387 0 P 0
L 0.694882 0.8966536 0.734252 0.8966535 0 P 0
L 0.694882 0.9163387 0.734252 0.9163386 0 P 0
L 0.7037401 0.2834646 0.7037401 0.3228346 0 P 0
L 0.7037401 0.2834646 0.7234251 0.2834646 0 P 0
L 0.7037401 0.3228346 0.7234251 0.3228346 0 P 0
L 0.7037402 0.9389764 0.7037402 0.9586614 0 P 0
L 0.7037402 0.9389764 0.7431102 0.9389764 0 P 0
L 0.7037402 0.9586614 0.7431102 0.9586614 0 P 0
L 0.7047245 0.8208662 0.7047245 0.8602362 0 P 0
L 0.7047245 0.8208662 0.7244095 0.8208662 0 P 0
L 0.7047245 0.8602362 0.7244095 0.8602362 0 P 0
L 0.7106299 0.355315 0.7106299 0.394685 0 P 0
L 0.7106299 0.355315 0.7303149 0.355315 0 P 0
L 0.7106299 0.394685 0.7303149 0.394685 0 P 0
L 0.7234251 0.2834646 0.7234251 0.3228346 0 P 0
L 0.7244095 0.8208662 0.7244095 0.8602362 0 P 0
L 0.7303149 0.355315 0.7303149 0.394685 0 P 0
L 0.734252 0.8966535 0.734252 0.9163386 0 P 0
L 0.7431102 0.9389764 0.7431102 0.9586614 0 P 0
L 0.7490157 0.355315 0.7490157 0.394685 0 P 0
L 0.7490157 0.355315 0.7687007 0.355315 0 P 0
L 0.7490157 0.394685 0.7687007 0.394685 0 P 0
L 0.7588583 0.8100394 0.7588583 0.8297244 0 P 0
L 0.7588583 0.8100394 0.7982283 0.8100394 0 P 0
L 0.7588583 0.8297244 0.7982283 0.8297244 0 P 0
L 0.7588583 0.8494095 0.7588583 0.8690945 0 P 0
L 0.7588583 0.8494095 0.7982283 0.8494095 0 P 0
L 0.7588583 0.8690945 0.7982283 0.8690945 0 P 0
L 0.7687007 0.355315 0.7687007 0.394685 0 P 0
L 0.7933071 0.7716536 0.7933071 0.7913386 0 P 0
L 0.7933071 0.7716536 0.8326771 0.7716536 0 P 0
L 0.7933071 0.7913386 0.8326771 0.7913386 0 P 0
L 0.7982283 0.8100394 0.7982283 0.8297244 0 P 0
L 0.7982283 0.8494095 0.7982283 0.8690945 0 P 0
L 0.8001969 0.8907481 0.8001969 0.9104331 0 P 0
L 0.8001969 0.8907481 0.8395669 0.8907481 0 P 0
L 0.8001969 0.9104331 0.8395669 0.9104331 0 P 0
L 0.8287402 0.617126 0.8287402 0.636811 0 P 0
L 0.8287402 0.617126 0.8681102 0.617126 0 P 0
L 0.8287402 0.636811 0.8681102 0.636811 0 P 0
L 0.8297245 0.6584646 0.8297245 0.6781496 0 P 0
L 0.8297245 0.6584646 0.8690945 0.6584646 0 P 0
L 0.8297245 0.6781496 0.8690945 0.6781496 0 P 0
L 0.8326771 0.7716536 0.8326771 0.7913386 0 P 0
L 0.8395669 0.8907481 0.8395669 0.9104331 0 P 0
L 0.8405512 0.8120079 0.8405512 0.8316929 0 P 0
L 0.8405512 0.8120079 0.8799212 0.8120079 0 P 0
L 0.8405512 0.8316929 0.8799212 0.8316929 0 P 0
L 0.8415355 0.851378 0.8415355 0.871063 0 P 0
L 0.8415355 0.851378 0.8809055 0.851378 0 P 0
L 0.8415355 0.871063 0.8809055 0.871063 0 P 0
L 0.855315 1.0009843 0.855315 1.0403543 0 P 0
L 0.855315 1.0009843 0.875 1.0009843 0 P 0
L 0.855315 1.0403543 0.875 1.0403543 0 P 0
L 0.8681102 0.617126 0.8681102 0.636811 0 P 0
L 0.8690945 0.6584646 0.8690945 0.6781496 0 P 0
L 0.875 1.0009843 0.875 1.0403543 0 P 0
L 0.8799212 0.8120079 0.8799212 0.8316929 0 P 0
L 0.8809055 0.851378 0.8809055 0.871063 0 P 0
L 0.8917323 1.0049213 0.8917323 1.0442913 0 P 0
L 0.8917323 1.0049213 0.9114173 1.0049213 0 P 0
L 0.8917323 1.0442913 0.9114173 1.0442913 0 P 0
L 0.9094487 0.3572834 0.9094487 0.3966534 0 P 0
L 0.9094487 0.3572834 0.9291337 0.3572834 0 P 0
L 0.9094487 0.3966534 0.9291337 0.3966534 0 P 0
L 0.9114173 1.0049213 0.9114173 1.0442913 0 P 0
L 0.9291337 0.3572834 0.9291337 0.3966534 0 P 0
L 0.9291339 0.9990158 0.9291339 1.0383858 0 P 0
L 0.9291339 0.9990158 0.9488189 0.9990158 0 P 0
L 0.9291339 1.0383858 0.9488189 1.0383858 0 P 0
L 0.9468503 0.3572834 0.9468503 0.3966534 0 P 0
L 0.9468503 0.3572834 0.9665353 0.3572834 0 P 0
L 0.9468503 0.3966534 0.9665353 0.3966534 0 P 0
L 0.9488189 0.9990158 0.9488189 1.0383858 0 P 0
L 0.9665353 0.3572834 0.9665353 0.3966534 0 P 0
L 0.9692914 0.6701575 0.9692914 1.0109449 0 P 0
L 0.9692914 0.6701575 1.1232284 0.6701575 0 P 0
L 0.9692914 1.0109449 1.1232284 1.0109449 0 P 0
L 1.0019686 0.5875985 1.0019686 0.6269685 0 P 0
L 1.0019686 0.5875985 1.0216536 0.5875985 0 P 0
L 1.0019686 0.6269685 1.0216536 0.6269685 0 P 0
L 1.0216536 0.5875985 1.0216536 0.6269685 0 P 0
L 1.0413386 0.5875985 1.0413386 0.6269685 0 P 0
L 1.0413386 0.5875985 1.0610236 0.5875985 0 P 0
L 1.0413386 0.6269685 1.0610236 0.6269685 0 P 0
L 1.0610236 0.5875985 1.0610236 0.6269685 0 P 0
L 1.0980316 0.6701575 1.1232284 0.6953543 0 P 0
L 1.1232284 0.6701575 1.1232284 1.0109449 0 P 0
L 1.1525591 0.9911418 1.1525591 1.0108268 0 P 0
L 1.1525591 0.9911418 1.1919291 0.9911418 0 P 0
L 1.1525591 1.0108268 1.1919291 1.0108268 0 P 0
L 1.1919291 0.9911418 1.1919291 1.0108268 0 P 0
L 1.2007874 0.843504 1.2007874 0.882874 0 P 0
L 1.2007874 0.843504 1.2204724 0.843504 0 P 0
L 1.2007874 0.882874 1.2204724 0.882874 0 P 0
L 1.2047244 0.6732284 1.2047244 0.7125984 0 P 0
L 1.2047244 0.6732284 1.2244094 0.6732284 0 P 0
L 1.2047244 0.7125984 1.2244094 0.7125984 0 P 0
L 1.2155512 0.7509843 1.2155512 0.7706693 0 P 0
L 1.2155512 0.7509843 1.2549212 0.7509843 0 P 0
L 1.2155512 0.7706693 1.2549212 0.7706693 0 P 0
L 1.2204724 0.7933071 1.2204724 0.8129921 0 P 0
L 1.2204724 0.7933071 1.2598424 0.7933071 0 P 0
L 1.2204724 0.8129921 1.2598424 0.8129921 0 P 0
L 1.2204724 0.843504 1.2204724 0.882874 0 P 0
L 1.2244094 0.6732284 1.2244094 0.7125984 0 P 0
L 1.2372047 0.843504 1.2372047 0.882874 0 P 0
L 1.2372047 0.843504 1.2568897 0.843504 0 P 0
L 1.2372047 0.882874 1.2568897 0.882874 0 P 0
L 1.2440945 0.6732284 1.2440945 0.7125984 0 P 0
L 1.2440945 0.6732284 1.2637795 0.6732284 0 P 0
L 1.2440945 0.7125984 1.2637795 0.7125984 0 P 0
L 1.2549212 0.7509843 1.2549212 0.7706693 0 P 0
L 1.2568897 0.843504 1.2568897 0.882874 0 P 0
L 1.2598424 0.7933071 1.2598424 0.8129921 0 P 0
L 1.2637795 0.6732284 1.2637795 0.7125984 0 P 0
L 1.2746063 0.843504 1.2746063 0.882874 0 P 0
L 1.2746063 0.843504 1.2942913 0.843504 0 P 0
L 1.2746063 0.882874 1.2942913 0.882874 0 P 0
L 1.2844488 0.6259842 1.2844488 0.6771654 0 P 0
L 1.2844488 0.6259842 1.398622 0.6259842 0 P 0
L 1.2844488 0.6633858 1.3218504 0.6259842 0 P 0
L 1.2844488 0.6771654 1.398622 0.6771654 0 P 0
L 1.2942913 0.843504 1.2942913 0.882874 0 P 0
L 1.3139764 0.763878 1.3139764 0.8662402 0 P 0
L 1.3139764 0.763878 1.4950788 0.763878 0 P 0
L 1.3139764 0.8662402 1.4950788 0.8662402 0 P 0
L 1.398622 0.6259842 1.398622 0.6771654 0 P 0
L 1.4950788 0.763878 1.4950788 0.8662402 0 P 0
