#Layer_Color=32768
#
#Feature symbol names
#
$0 r1.9685
$1 r3.937

#
#Feature attribute names
#

#
#Layer features
#
L 0.8690943 1.4883858 0.8690943 2.167126 1 P 0
L 0.8690943 1.4883858 1.2037399 1.4883858 1 P 0
L 0.8690943 2.167126 1.2037399 2.167126 1 P 0
L 1.2037399 1.4883858 1.2037399 2.167126 1 P 0
L 1.2175196 1.9084647 1.2175196 2.0305119 0 P 0
L 1.2175196 1.9084647 1.2765748 1.9084647 0 P 0
L 1.2175196 2.0305119 1.2765748 2.0305119 0 P 0
L 1.2177165 2.0836614 1.2177165 2.2155512 0 P 0
L 1.2177165 2.0836614 1.5212599 2.0836614 0 P 0
L 1.2177165 2.2155512 1.5212599 2.2155512 0 P 0
L 1.2322835 1.6023622 1.2322835 1.6614174 0 P 0
L 1.2322835 1.6023622 1.3543307 1.6023622 0 P 0
L 1.2322835 1.6614174 1.3543307 1.6614174 0 P 0
L 1.2352362 1.9694883 1.2588582 1.9694883 0 P 0
L 1.2470472 1.9576773 1.2470472 1.9812993 0 P 0
L 1.2519685 1.6968504 1.2519685 1.8188976 0 P 0
L 1.2519685 1.6968504 1.3110237 1.6968504 0 P 0
L 1.2519685 1.8188976 1.3110237 1.8188976 0 P 0
L 1.2696851 1.757874 1.2933071 1.757874 0 P 0
L 1.2765748 1.9084647 1.2765748 2.0305119 0 P 0
L 1.2814961 1.6318898 1.3051181 1.6318898 0 P 0
L 1.2814961 1.746063 1.2814961 1.769685 0 P 0
L 1.2933071 1.6200788 1.2933071 1.6437008 0 P 0
L 1.3110237 1.6968504 1.3110237 1.8188976 0 P 0
L 1.3257874 2.0366142 1.3257874 2.073622 0 P 0
L 1.3257874 2.0366142 1.398622 2.0366142 0 P 0
L 1.3257874 2.073622 1.398622 2.073622 0 P 0
L 1.3277559 1.6633859 1.3277559 1.7657481 0 P 0
L 1.3277559 1.6633859 1.4557087 1.6633859 0 P 0
L 1.3277559 1.7657481 1.4557087 1.7657481 0 P 0
L 1.3287402 1.8228347 1.3287402 1.8661418 1 P 0
L 1.3287402 1.8228347 1.4232283 1.8228347 1 P 0
L 1.3287402 1.8661418 1.4232283 1.8661418 1 P 0
L 1.3543307 1.6023622 1.3543307 1.6614174 0 P 0
L 1.3572835 1.8444883 1.394685 1.8444883 1 P 0
L 1.3582677 1.6023622 1.3582677 1.6614174 0 P 0
L 1.3582677 1.6023622 1.4803149 1.6023622 0 P 0
L 1.3582677 1.6614174 1.4803149 1.6614174 0 P 0
L 1.3759843 1.8257875 1.3759843 1.8631891 1 P 0
L 1.398622 2.0366142 1.398622 2.073622 0 P 0
L 1.4074803 1.6318898 1.4311023 1.6318898 0 P 0
L 1.4192913 1.6200788 1.4192913 1.6437008 0 P 0
L 1.4232283 1.8228347 1.4232283 1.8661418 1 P 0
L 1.4291339 1.7736221 1.4291339 1.8681102 1 P 0
L 1.4291339 1.7736221 1.472441 1.7736221 1 P 0
L 1.4291339 1.8681102 1.472441 1.8681102 1 P 0
L 1.4320867 1.8208661 1.4694883 1.8208661 1 P 0
L 1.4507875 1.8021654 1.4507875 1.8395669 1 P 0
L 1.4557087 1.6633859 1.4557087 1.7657481 0 P 0
L 1.472441 1.7736221 1.472441 1.8681102 1 P 0
L 1.4803149 1.6023622 1.4803149 1.6614174 0 P 0
L 1.4842519 1.6456693 1.4842519 1.7677165 0 P 0
L 1.4842519 1.6456693 1.5433071 1.6456693 0 P 0
L 1.4842519 1.7677165 1.5433071 1.7677165 0 P 0
L 1.5019685 1.7066929 1.5255905 1.7066929 0 P 0
L 1.5137795 1.6948819 1.5137795 1.7185039 0 P 0
L 1.5212599 2.0836614 1.5212599 2.2155512 0 P 0
L 1.5216535 1.9035433 1.5216535 2.0255905 0 P 0
L 1.5216535 1.9035433 1.5807087 1.9035433 0 P 0
L 1.5216535 2.0255905 1.5807087 2.0255905 0 P 0
L 1.5393701 1.9645669 1.5629921 1.9645669 0 P 0
L 1.5433071 1.6456693 1.5433071 1.7677165 0 P 0
L 1.5511811 1.9527559 1.5511811 1.9763779 0 P 0
L 1.5807087 1.9035433 1.5807087 2.0255905 0 P 0
L 1.6673228 1.5570866 1.6673228 1.765748 0 P 0
L 1.6673228 1.5570866 1.8759842 1.5570866 0 P 0
L 1.6673228 1.765748 1.8759842 1.765748 0 P 0
L 1.6673228 1.773622 1.6673228 1.8326772 0 P 0
L 1.6673228 1.773622 1.78937 1.773622 0 P 0
L 1.6673228 1.8326772 1.78937 1.8326772 0 P 0
L 1.6673228 1.8523622 1.6673228 2.0610236 0 P 0
L 1.6673228 1.8523622 1.8759842 1.8523622 0 P 0
L 1.6673228 2.0610236 1.8759842 2.0610236 0 P 0
L 1.6673228 2.0649606 1.6673228 2.1240158 0 P 0
L 1.6673228 2.0649606 1.78937 2.0649606 0 P 0
L 1.6673228 2.1240158 1.78937 2.1240158 0 P 0
L 1.7165354 1.8031496 1.7401574 1.8031496 0 P 0
L 1.7165354 2.0944882 1.7401574 2.0944882 0 P 0
L 1.7283464 1.7913386 1.7283464 1.8149606 0 P 0
L 1.7283464 2.0826772 1.7283464 2.1062992 0 P 0
L 1.78937 1.773622 1.78937 1.8326772 0 P 0
L 1.78937 2.0649606 1.78937 2.1240158 0 P 0
L 1.8759842 1.5570866 1.8759842 1.765748 0 P 0
L 1.8759842 1.8523622 1.8759842 2.0610236 0 P 0
L 1.8779528 1.5698818 1.8779528 1.628937 0 P 0
L 1.8779528 1.5698818 2 1.5698818 0 P 0
L 1.8779528 1.628937 2 1.628937 0 P 0
L 1.8779528 1.9586614 1.8779528 2.0177166 0 P 0
L 1.8779528 1.9586614 2 1.9586614 0 P 0
L 1.8779528 2.0177166 2 2.0177166 0 P 0
L 1.878937 1.6545275 1.878937 1.7135827 0 P 0
L 1.878937 1.6545275 2.0009842 1.6545275 0 P 0
L 1.878937 1.7135827 2.0009842 1.7135827 0 P 0
L 1.9271654 1.5994094 1.9507874 1.5994094 0 P 0
L 1.9271654 1.988189 1.9507874 1.988189 0 P 0
L 1.9281496 1.6840551 1.9517716 1.6840551 0 P 0
L 1.9350393 1.7637795 1.9350393 1.9212599 1 P 0
L 1.9350393 1.7637795 2.0098424 1.7637795 1 P 0
L 1.9350393 1.9212599 2.0098424 1.9212599 1 P 0
L 1.9389764 1.5875984 1.9389764 1.6112204 0 P 0
L 1.9389764 1.976378 1.9389764 2 0 P 0
L 1.9399606 1.6722441 1.9399606 1.6958661 0 P 0
L 1.9527558 1.8425197 1.9921259 1.8425197 1 P 0
L 1.9724409 1.8228347 1.9724409 1.8622047 1 P 0
L 2 1.5698818 2 1.628937 0 P 0
L 2 1.9586614 2 2.0177166 0 P 0
L 2.0009842 1.6545275 2.0009842 1.7135827 0 P 0
L 2.0098424 1.7637795 2.0098424 1.9212599 1 P 0
L 2.0255905 1.5314958 2.0255905 1.5944879 1 P 0
L 2.0255905 1.5314958 2.1358268 1.5314958 1 P 0
L 2.0255905 1.5944879 2.1358268 1.5944879 1 P 0
L 2.0275591 1.605315 2.0275591 1.8218504 0 P 0
L 2.0275591 1.605315 2.3208661 1.605315 0 P 0
L 2.0275591 1.8218504 2.3208661 1.8218504 0 P 0
L 2.0275591 1.8966536 2.0275591 2.113189 0 P 0
L 2.0275591 1.8966536 2.3208661 1.8966536 0 P 0
L 2.0275591 2.113189 2.3208661 2.113189 0 P 0
L 2.0403543 1.8277559 2.0403543 1.890748 1 P 0
L 2.0403543 1.8277559 2.1505906 1.8277559 1 P 0
L 2.0403543 1.890748 2.1505906 1.890748 1 P 0
L 2.0610236 1.5629919 2.1003937 1.5629919 1 P 0
L 2.0757874 1.8592519 2.1151575 1.8592519 1 P 0
L 2.0807086 1.5433068 2.0807086 1.5826769 1 P 0
L 2.0954725 1.8395669 2.0954725 1.878937 1 P 0
L 2.1358268 1.5314958 2.1358268 1.5944879 1 P 0
L 2.1505906 1.8277559 2.1505906 1.890748 1 P 0
L 2.1535433 1.5255906 2.1535433 1.6003937 1 P 0
L 2.1535433 1.5255906 2.3110237 1.5255906 1 P 0
L 2.1535433 1.6003937 2.3110237 1.6003937 1 P 0
L 2.2125985 1.5629921 2.2519685 1.5629921 1 P 0
L 2.2322835 1.5433071 2.2322835 1.5826772 1 P 0
L 2.3110237 1.5255906 2.3110237 1.6003937 1 P 0
L 2.3208661 1.605315 2.3208661 1.8218504 0 P 0
L 2.3208661 1.8966536 2.3208661 2.113189 0 P 0
L 2.4755905 1.4399606 2.4755905 1.5718504 0 P 0
L 2.4755905 1.4399606 2.7791339 1.4399606 0 P 0
L 2.4755905 1.5718504 2.7791339 1.5718504 0 P 0
L 2.4755905 2.0836614 2.4755905 2.2155512 0 P 0
L 2.4755905 2.0836614 2.7791339 2.0836614 0 P 0
L 2.4755905 2.2155512 2.7791339 2.2155512 0 P 0
L 2.4852361 1.6181102 2.4852361 1.7007874 1 P 0
L 2.4852361 1.6181102 2.7785434 1.6181102 1 P 0
L 2.4852361 1.7007874 2.6938977 1.7007874 1 P 0
L 2.4852361 1.952756 2.4852361 2.0354332 1 P 0
L 2.4852361 1.952756 2.6938977 1.952756 1 P 0
L 2.4852361 2.0354332 2.7785434 2.0354332 1 P 0
L 2.5974409 1.7874016 2.5974409 1.8661418 1 P 0
L 2.5974409 1.7874016 2.6938977 1.7874016 1 P 0
L 2.5974409 1.8661418 2.6938977 1.8661418 1 P 0
L 2.6938977 1.7007874 2.6938977 1.7874016 1 P 0
L 2.6938977 1.8661418 2.6938977 1.952756 1 P 0
L 2.7785434 1.6181102 2.7785434 1.6951181 1 P 0
L 2.7785434 1.6951181 3.0887798 1.6951181 1 P 0
L 2.7785434 1.9584253 2.7785434 2.0354332 1 P 0
L 2.7785434 1.9584253 3.0887798 1.9584253 1 P 0
L 2.7791339 1.4399606 2.7791339 1.5718504 0 P 0
L 2.7791339 2.0836614 2.7791339 2.2155512 0 P 0
L 3.0887798 1.6951181 3.0887798 1.9584253 1 P 0
