#Layer_Color=32768
#
#Feature symbol names
#
$0 r1.9685
$1 r3.937

#
#Feature attribute names
#

#
#Layer features
#
L 0.0757874 0.7480316 0.0757874 0.8858268 0 P 0
L 0.0757874 0.7480316 0.3238188 0.7480316 0 P 0
L 0.0757874 0.8858268 0.3238188 0.8858268 0 P 0
L 0.0777559 0.8870079 0.0777559 0.9240157 0 P 0
L 0.0777559 0.8870079 0.1505905 0.8870079 0 P 0
L 0.0777559 0.9240157 0.1505905 0.9240157 0 P 0
L 0.0777559 0.9242126 0.0777559 0.9832678 0 P 0
L 0.0777559 0.9242126 0.1998031 0.9242126 0 P 0
L 0.0777559 0.9832678 0.1998031 0.9832678 0 P 0
L 0.1269685 0.9537402 0.1505905 0.9537402 0 P 0
L 0.1387795 0.9419292 0.1387795 0.9655512 0 P 0
L 0.1505905 0.8870079 0.1505905 0.9240157 0 P 0
L 0.1998031 0.9242126 0.1998031 0.9832678 0 P 0
L -0.2702756 0.0562992 -0.2702756 0.6838582 0 P 0
L -0.2702756 0.0562992 0.3248032 0.0562992 0 P 0
L -0.2702756 0.6838582 0.3248032 0.6838582 0 P 0
L -0.2722441 1.0208662 -0.2722441 1.6484252 0 P 0
L -0.2722441 1.0208662 0.3228347 1.0208662 0 P 0
L -0.2722441 1.6484252 0.3228347 1.6484252 0 P 0
L 0.3228347 1.0208662 0.3228347 1.6484252 0 P 0
L 0.3238188 0.7480316 0.3238188 0.8858268 0 P 0
L 0.3248032 0.0562992 0.3248032 0.6838582 0 P 0
L 0.4025589 0.1427165 0.4025589 0.2647637 0 P 0
L 0.4025589 0.1427165 0.4616141 0.1427165 0 P 0
L 0.4025589 0.2647637 0.4616141 0.2647637 0 P 0
L 0.4202755 0.2037401 0.4438975 0.2037401 0 P 0
L 0.4311023 0.5413386 0.4311023 0.6633858 0 P 0
L 0.4311023 0.5413386 0.4901575 0.5413386 0 P 0
L 0.4311023 0.6633858 0.4901575 0.6633858 0 P 0
L 0.4320865 0.1919291 0.4320865 0.2155511 0 P 0
L 0.4397788 0.7310442 0.4681284 0.707256 0 P 0
L 0.4397788 0.7310442 0.486596 0.7868388 0 P 0
L 0.4488189 0.6023622 0.4724409 0.6023622 0 P 0
L 0.4496213 1.1026174 0.4779709 1.1264055 0 P 0
L 0.4496213 1.1026174 0.4964385 1.0468229 0 P 0
L 0.4519347 1.1537513 0.4971737 1.191711 0 P 0
L 0.4519347 1.1537513 0.5303853 1.0602576 0 P 0
L 0.4606299 0.5905512 0.4606299 0.6141732 0 P 0
L 0.4616141 0.1427165 0.4616141 0.2647637 0 P 0
L 0.4681284 0.707256 0.5149456 0.7630506 0 P 0
L 0.4779709 1.1264055 0.5247881 1.070611 0 P 0
L 0.486596 0.7868388 0.5149456 0.7630506 0 P 0
L 0.4901574 0.4744096 0.4901574 0.6122048 0 P 0
L 0.4901574 0.4744096 0.6377952 0.4744096 0 P 0
L 0.4901574 0.6122048 0.6377952 0.6122048 0 P 0
L 0.4901575 0.5413386 0.4901575 0.6633858 0 P 0
L 0.4913386 0.6368111 0.4913386 0.7096457 0 P 0
L 0.4913386 0.6368111 0.5283464 0.6368111 0 P 0
L 0.4913386 0.7096457 0.5283464 0.7096457 0 P 0
L 0.4964385 1.0468229 0.5247881 1.070611 0 P 0
L 0.4971737 1.191711 0.5756243 1.0982173 0 P 0
L 0.5047317 1.1183923 0.5228273 1.1335763 0 P 0
L 0.5061875 1.1350321 0.5213715 1.1169365 0 P 0
L 0.5283464 0.6368111 0.5283464 0.7096457 0 P 0
L 0.5303853 1.0602576 0.5756243 1.0982173 0 P 0
L 0.531496 0.6181103 0.531496 0.7401575 0 P 0
L 0.531496 0.6181103 0.5905512 0.6181103 0 P 0
L 0.531496 0.7401575 0.5905512 0.7401575 0 P 0
L 0.5492126 0.6791339 0.5728346 0.6791339 0 P 0
L 0.5610236 0.6673229 0.5610236 0.6909449 0 P 0
L 0.5881615 0.7867929 0.6119496 0.8151425 0 P 0
L 0.5881615 0.7867929 0.643956 0.7399757 0 P 0
L 0.5905512 0.6181103 0.5905512 0.7401575 0 P 0
L 0.5935039 0.6181103 0.5935039 0.7401575 0 P 0
L 0.5935039 0.6181103 0.6525591 0.6181103 0 P 0
L 0.5935039 0.7401575 0.6525591 0.7401575 0 P 0
L 0.6112205 0.6791339 0.6348425 0.6791339 0 P 0
L 0.6119496 0.8151425 0.6677441 0.7683253 0 P 0
L 0.6167046 1.0222624 0.6404928 0.9939128 0 P 0
L 0.6167046 1.0222624 0.6724992 1.0690796 0 P 0
L 0.6167047 0.8202574 0.6404929 0.848607 0 P 0
L 0.6167047 0.8202574 0.6724993 0.7734402 0 P 0
L 0.6230315 0.6673229 0.6230315 0.6909449 0 P 0
L 0.6377952 0.4744096 0.6377952 0.6122048 0 P 0
L 0.6404928 0.9939128 0.6962874 1.04073 0 P 0
L 0.6404929 0.848607 0.6962875 0.8017898 0 P 0
L 0.6422952 0.9907663 0.6660834 0.9624167 0 P 0
L 0.6422952 0.9907663 0.6980898 1.0375835 0 P 0
L 0.6437007 0.4812993 0.6437007 0.6033465 0 P 0
L 0.6437007 0.4812993 0.7027559 0.4812993 0 P 0
L 0.6437007 0.6033465 0.7027559 0.6033465 0 P 0
L 0.643956 0.7399757 0.6677441 0.7683253 0 P 0
L 0.6505905 0.6200788 0.6505905 0.738189 0 P 0
L 0.6505905 0.6200788 0.7096457 0.6200788 0 P 0
L 0.6505905 0.738189 0.7096457 0.738189 0 P 0
L 0.6525591 0.6181103 0.6525591 0.7401575 0 P 0
L 0.6614173 0.5423229 0.6850393 0.5423229 0 P 0
L 0.6660834 0.9624167 0.721878 1.0092339 0 P 0
L 0.6683071 0.6791339 0.6919291 0.6791339 0 P 0
L 0.6724992 1.0690796 0.6962874 1.04073 0 P 0
L 0.6724993 0.7734402 0.6962875 0.8017898 0 P 0
L 0.6732283 0.5305119 0.6732283 0.5541339 0 P 0
L 0.6781496 0.9271654 0.6781496 0.9704724 0 P 0
L 0.6781496 0.9271654 0.7687008 0.9271654 0 P 0
L 0.6781496 0.9704724 0.7687008 0.9704724 0 P 0
L 0.6781497 0.8879922 0.6781497 0.925 0 P 0
L 0.6781497 0.8879922 0.7509843 0.8879922 0 P 0
L 0.6781497 0.925 0.7509843 0.925 0 P 0
L 0.6801181 0.6673229 0.6801181 0.6909449 0 P 0
L 0.6950787 0.2667323 0.6950787 0.3395669 0 P 0
L 0.6950787 0.2667323 0.7320865 0.2667323 0 P 0
L 0.6950787 0.3395669 0.7320865 0.3395669 0 P 0
L 0.6960631 0.8041339 0.6960631 0.8769685 0 P 0
L 0.6960631 0.8041339 0.7330709 0.8041339 0 P 0
L 0.6960631 0.8769685 0.7330709 0.8769685 0 P 0
L 0.6980898 1.0375835 0.721878 1.0092339 0 P 0
L 0.7019685 0.3385827 0.7019685 0.4114173 0 P 0
L 0.7019685 0.3385827 0.7389763 0.3385827 0 P 0
L 0.7019685 0.4114173 0.7389763 0.4114173 0 P 0
L 0.7027559 0.4812993 0.7027559 0.6033465 0 P 0
L 0.7096457 0.6200788 0.7096457 0.738189 0 P 0
L 0.7320865 0.2667323 0.7320865 0.3395669 0 P 0
L 0.7330709 0.8041339 0.7330709 0.8769685 0 P 0
L 0.7332677 0.7982284 0.7332677 0.8415354 0 P 0
L 0.7332677 0.7982284 0.8238189 0.7982284 0 P 0
L 0.7332677 0.8375985 0.7332677 0.8809055 0 P 0
L 0.7332677 0.8375985 0.8238189 0.8375985 0 P 0
L 0.7332677 0.8415354 0.8238189 0.8415354 0 P 0
L 0.7332677 0.8809055 0.8238189 0.8809055 0 P 0
L 0.7362205 0.1958661 0.7362205 0.2549213 0 P 0
L 0.7362205 0.1958661 0.8582677 0.1958661 0 P 0
L 0.7362205 0.2549213 0.8582677 0.2549213 0 P 0
L 0.7389763 0.3385827 0.7389763 0.4114173 0 P 0
L 0.7403543 0.3385827 0.7403543 0.4114173 0 P 0
L 0.7403543 0.3385827 0.7773621 0.3385827 0 P 0
L 0.7403543 0.4114173 0.7773621 0.4114173 0 P 0
L 0.7509843 0.8879922 0.7509843 0.925 0 P 0
L 0.757874 0.7007874 0.757874 0.7598426 0 P 0
L 0.757874 0.7007874 0.8759842 0.7007874 0 P 0
L 0.757874 0.7598426 0.8759842 0.7598426 0 P 0
L 0.7687008 0.9271654 0.7687008 0.9704724 0 P 0
L 0.7696851 0.9242126 0.7696851 0.9832678 0 P 0
L 0.7696851 0.9242126 0.8877953 0.9242126 0 P 0
L 0.7696851 0.9832678 0.8877953 0.9832678 0 P 0
L 0.7765748 0.7629922 0.7765748 0.8 0 P 0
L 0.7765748 0.7629922 0.8494094 0.7629922 0 P 0
L 0.7765748 0.8 0.8494094 0.8 0 P 0
L 0.7773621 0.3385827 0.7773621 0.4114173 0 P 0
L 0.7775589 0.2982283 0.7775589 0.4163385 0 P 0
L 0.7775589 0.2982283 0.8366141 0.2982283 0 P 0
L 0.7775589 0.4163385 0.8366141 0.4163385 0 P 0
L 0.7834646 0.8820867 0.7834646 0.9190945 0 P 0
L 0.7834646 0.8820867 0.8562992 0.8820867 0 P 0
L 0.7834646 0.9190945 0.8562992 0.9190945 0 P 0
L 0.7854331 0.2253937 0.8090551 0.2253937 0 P 0
L 0.7952755 0.3572834 0.8188975 0.3572834 0 P 0
L 0.7972441 0.2135827 0.7972441 0.2372047 0 P 0
L 0.8031496 0.605315 0.8031496 0.648622 0 P 0
L 0.8031496 0.605315 0.8937008 0.605315 0 P 0
L 0.8031496 0.648622 0.8937008 0.648622 0 P 0
L 0.8041339 0.6466536 0.8041339 0.6899606 0 P 0
L 0.8041339 0.6466536 0.8946851 0.6466536 0 P 0
L 0.8041339 0.6899606 0.8946851 0.6899606 0 P 0
L 0.8051181 0.730315 0.8287401 0.730315 0 P 0
L 0.8070865 0.3454724 0.8070865 0.3690944 0 P 0
L 0.8149606 0.8001969 0.8149606 0.8435039 0 P 0
L 0.8149606 0.8001969 0.9055118 0.8001969 0 P 0
L 0.8149606 0.8435039 0.9055118 0.8435039 0 P 0
L 0.8159449 0.839567 0.8159449 0.882874 0 P 0
L 0.8159449 0.839567 0.9064961 0.839567 0 P 0
L 0.8159449 0.882874 0.9064961 0.882874 0 P 0
L 0.8169291 0.718504 0.8169291 0.742126 0 P 0
L 0.8169292 0.9537402 0.8405512 0.9537402 0 P 0
L 0.8238189 0.7982284 0.8238189 0.8415354 0 P 0
L 0.8238189 0.8375985 0.8238189 0.8809055 0 P 0
L 0.8287402 0.9419292 0.8287402 0.9655512 0 P 0
L 0.8366141 0.2982283 0.8366141 0.4163385 0 P 0
L 0.840551 0.2992126 0.840551 0.4173228 0 P 0
L 0.840551 0.2992126 0.8996062 0.2992126 0 P 0
L 0.840551 0.4173228 0.8996062 0.4173228 0 P 0
L 0.8466536 0.984252 0.8466536 1.0570866 0 P 0
L 0.8466536 0.984252 0.8836614 0.984252 0 P 0
L 0.8466536 1.0570866 0.8836614 1.0570866 0 P 0
L 0.8494094 0.7629922 0.8494094 0.8 0 P 0
L 0.8562992 0.8820867 0.8562992 0.9190945 0 P 0
L 0.8582676 0.3582677 0.8818896 0.3582677 0 P 0
L 0.8582677 0.1958661 0.8582677 0.2549213 0 P 0
L 0.8700786 0.3464567 0.8700786 0.3700787 0 P 0
L 0.8759842 0.7007874 0.8759842 0.7598426 0 P 0
L 0.8799213 0.9793307 0.8799213 1.0698819 0 P 0
L 0.8799213 0.9793307 0.9232283 0.9793307 0 P 0
L 0.8799213 1.0698819 0.9232283 1.0698819 0 P 0
L 0.8836614 0.984252 0.8836614 1.0570866 0 P 0
L 0.8877953 0.9242126 0.8877953 0.9832678 0 P 0
L 0.8937008 0.605315 0.8937008 0.648622 0 P 0
L 0.8946851 0.6466536 0.8946851 0.6899606 0 P 0
L 0.8996062 0.2992126 0.8996062 0.4173228 0 P 0
L 0.8996064 0.6582677 0.8996064 1.0228347 0 P 0
L 0.8996064 0.6582677 1.1929134 0.6582677 0 P 0
L 0.8996064 1.0228347 1.1929134 1.0228347 0 P 0
L 0.9007873 0.3405511 0.9007873 0.4133857 0 P 0
L 0.9007873 0.3405511 0.9377951 0.3405511 0 P 0
L 0.9007873 0.4133857 0.9377951 0.4133857 0 P 0
L 0.9055118 0.8001969 0.9055118 0.8435039 0 P 0
L 0.9064961 0.839567 0.9064961 0.882874 0 P 0
L 0.9204725 0.9822835 0.9204725 1.0551181 0 P 0
L 0.9204725 0.9822835 0.9574803 0.9822835 0 P 0
L 0.9204725 1.0551181 0.9574803 1.0551181 0 P 0
L 0.9232283 0.9793307 0.9232283 1.0698819 0 P 0
L 0.9377951 0.3405511 0.9377951 0.4133857 0 P 0
L 0.9381889 0.3405511 0.9381889 0.4133857 0 P 0
L 0.9381889 0.3405511 0.9751967 0.3405511 0 P 0
L 0.9381889 0.4133857 0.9751967 0.4133857 0 P 0
L 0.9574803 0.9822835 0.9574803 1.0551181 0 P 0
L 0.9751967 0.3405511 0.9751967 0.4133857 0 P 0
L 0.9901576 0.5620079 0.9901576 0.6525591 0 P 0
L 0.9901576 0.5620079 1.0334646 0.5620079 0 P 0
L 0.9901576 0.6525591 1.0334646 0.6525591 0 P 0
L 1.0295276 0.5620079 1.0295276 0.6525591 0 P 0
L 1.0295276 0.5620079 1.0728346 0.5620079 0 P 0
L 1.0295276 0.6525591 1.0728346 0.6525591 0 P 0
L 1.0334646 0.5620079 1.0334646 0.6525591 0 P 0
L 1.0728346 0.5620079 1.0728346 0.6525591 0 P 0
L 1.1358268 0.9824804 1.1358268 1.0194882 0 P 0
L 1.1358268 0.9824804 1.2086614 0.9824804 0 P 0
L 1.1358268 1.0194882 1.2086614 1.0194882 0 P 0
L 1.192126 0.8267717 1.192126 0.8996063 0 P 0
L 1.192126 0.8267717 1.2291338 0.8267717 0 P 0
L 1.192126 0.8996063 1.2291338 0.8996063 0 P 0
L 1.1929134 0.6582677 1.1929134 1.0228347 0 P 0
L 1.1948818 0.7814961 1.1948818 0.8248031 0 P 0
L 1.1948818 0.7814961 1.285433 0.7814961 0 P 0
L 1.1948818 0.8248031 1.285433 0.8248031 0 P 0
L 1.196063 0.6564961 1.196063 0.7293307 0 P 0
L 1.196063 0.6564961 1.2330708 0.6564961 0 P 0
L 1.196063 0.7293307 1.2330708 0.7293307 0 P 0
L 1.1988189 0.7423229 1.1988189 0.7793307 0 P 0
L 1.1988189 0.7423229 1.2716535 0.7423229 0 P 0
L 1.1988189 0.7793307 1.2716535 0.7793307 0 P 0
L 1.2086614 0.9824804 1.2086614 1.0194882 0 P 0
L 1.2285433 0.8267717 1.2285433 0.8996063 0 P 0
L 1.2285433 0.8267717 1.2655511 0.8267717 0 P 0
L 1.2285433 0.8996063 1.2655511 0.8996063 0 P 0
L 1.2291338 0.8267717 1.2291338 0.8996063 0 P 0
L 1.2330708 0.6564961 1.2330708 0.7293307 0 P 0
L 1.2354331 0.6564961 1.2354331 0.7293307 0 P 0
L 1.2354331 0.6564961 1.2724409 0.6564961 0 P 0
L 1.2354331 0.7293307 1.2724409 0.7293307 0 P 0
L 1.261811 0.9232283 1.261811 0.9822835 0 P 0
L 1.261811 0.9232283 1.3799212 0.9232283 0 P 0
L 1.261811 0.9822835 1.3799212 0.9822835 0 P 0
L 1.2655511 0.8267717 1.2655511 0.8996063 0 P 0
L 1.2659449 0.8267717 1.2659449 0.8996063 0 P 0
L 1.2659449 0.8267717 1.3029527 0.8267717 0 P 0
L 1.2659449 0.8996063 1.3029527 0.8996063 0 P 0
L 1.2716535 0.7423229 1.2716535 0.7793307 0 P 0
L 1.2724409 0.6564961 1.2724409 0.7293307 0 P 0
L 1.2726378 0.5777559 1.2726378 0.7253937 0 P 0
L 1.2726378 0.5777559 1.410433 0.5777559 0 P 0
L 1.2726378 0.7253937 1.410433 0.7253937 0 P 0
L 1.285433 0.7814961 1.285433 0.8248031 0 P 0
L 1.3029527 0.8267717 1.3029527 0.8996063 0 P 0
L 1.3041339 0.7076772 1.3041339 0.9242126 0 P 0
L 1.3041339 0.7076772 1.5049213 0.7076772 0 P 0
L 1.3041339 0.9242126 1.5049213 0.9242126 0 P 0
L 1.3090551 0.9527559 1.3326771 0.9527559 0 P 0
L 1.3208661 0.9409449 1.3208661 0.9645669 0 P 0
L 1.3799212 0.9232283 1.3799212 0.9822835 0 P 0
L 1.3848425 0.8150591 1.4242126 0.8150591 1 P 0
L 1.4045276 0.795374 1.4045276 0.8347441 1 P 0
L 1.4064959 0.6309054 1.4064959 0.7135826 1 P 0
L 1.4064959 0.6309054 1.6998032 0.6309054 1 P 0
L 1.4064959 0.7135826 1.6151575 0.7135826 1 P 0
L 1.4064959 0.9655512 1.4064959 1.0482284 1 P 0
L 1.4064959 0.9655512 1.6151575 0.9655512 1 P 0
L 1.4064959 1.0482284 1.6998032 1.0482284 1 P 0
L 1.410433 0.5777559 1.410433 0.7253937 0 P 0
L 1.5049213 0.7076772 1.5049213 0.9242126 0 P 0
L 1.5187007 0.8001968 1.5187007 0.878937 1 P 0
L 1.5187007 0.8001968 1.6151575 0.8001968 1 P 0
L 1.5187007 0.878937 1.6151575 0.878937 1 P 0
L 1.6151575 0.7135826 1.6151575 0.8001968 1 P 0
L 1.6151575 0.878937 1.6151575 0.9655512 1 P 0
L 1.6998032 0.6309054 1.6998032 0.7079133 1 P 0
L 1.6998032 0.7079133 2.0100396 0.7079133 1 P 0
L 1.6998032 0.9712205 1.6998032 1.0482284 1 P 0
L 1.6998032 0.9712205 2.0100396 0.9712205 1 P 0
L 2.0100396 0.7079133 2.0100396 0.9712205 1 P 0
