#Layer_Color=8388736
#
#Feature symbol names
#
$0 r3.937

#
#Feature attribute names
#

#
#Layer features
#
L 0.1043324 0.9350426 0.1043324 0.9724442 0 P 0
L 0.1043324 0.9350426 0.17323 0.9350426 0 P 0
L 0.1043324 0.9724442 0.17323 0.9724442 0 P 0
L 0.17323 0.9350426 0.17323 0.9724442 0 P 0
L 0.4133889 0.1692896 0.4133889 0.2381872 0 P 0
L 0.4133889 0.1692896 0.4507905 0.1692896 0 P 0
L 0.4133889 0.2381872 0.4507905 0.2381872 0 P 0
L 0.4419323 0.5679117 0.4419323 0.6368093 0 P 0
L 0.4419323 0.5679117 0.4793339 0.5679117 0 P 0
L 0.4419323 0.6368093 0.4793339 0.6368093 0 P 0
L 0.4507905 0.1692896 0.4507905 0.2381872 0 P 0
L 0.4773072 1.1403522 0.5059583 1.1643935 0 P 0
L 0.4773072 1.1403522 0.5215936 1.0875736 0 P 0
L 0.4793339 0.5679117 0.4793339 0.6368093 0 P 0
L 0.5059583 1.1643935 0.550245 1.1116147 0 P 0
L 0.5215936 1.0875736 0.550245 1.1116147 0 P 0
L 0.5423196 0.6446868 0.5423196 0.7135844 0 P 0
L 0.5423196 0.6446868 0.5797212 0.6446868 0 P 0
L 0.5423196 0.7135844 0.5797212 0.7135844 0 P 0
L 0.5797212 0.6446868 0.5797212 0.7135844 0 P 0
L 0.6043339 0.6446834 0.6043339 0.713581 0 P 0
L 0.6043339 0.6446834 0.6417355 0.6446834 0 P 0
L 0.6043339 0.713581 0.6417355 0.713581 0 P 0
L 0.6417355 0.6446834 0.6417355 0.713581 0 P 0
L 0.6545275 0.6240158 0.6545275 0.734252 0 P 0
L 0.6545275 0.6240158 0.7057087 0.6240158 0 P 0
L 0.6545275 0.734252 0.7057087 0.734252 0 P 0
L 0.6545307 0.5078724 0.6545307 0.57677 0 P 0
L 0.6545307 0.5078724 0.6919323 0.5078724 0 P 0
L 0.6545307 0.57677 0.6919323 0.57677 0 P 0
L 0.6919323 0.5078724 0.6919323 0.57677 0 P 0
L 0.7057087 0.6240158 0.7057087 0.734252 0 P 0
L 0.761811 0.7047244 0.761811 0.7559056 0 P 0
L 0.761811 0.7047244 0.8720472 0.7047244 0 P 0
L 0.761811 0.7559056 0.8720472 0.7559056 0 P 0
L 0.762797 0.2066961 0.762797 0.2440977 0 P 0
L 0.762797 0.2066961 0.8316946 0.2066961 0 P 0
L 0.762797 0.2440977 0.8316946 0.2440977 0 P 0
L 0.7736221 0.9281496 0.7736221 0.9793308 0 P 0
L 0.7736221 0.9281496 0.8838583 0.9281496 0 P 0
L 0.7736221 0.9793308 0.8838583 0.9793308 0 P 0
L 0.7814959 0.3021653 0.7814959 0.4124015 0 P 0
L 0.7814959 0.3021653 0.8326771 0.3021653 0 P 0
L 0.7814959 0.4124015 0.8326771 0.4124015 0 P 0
L 0.8316946 0.2066961 0.8316946 0.2440977 0 P 0
L 0.8326771 0.3021653 0.8326771 0.4124015 0 P 0
L 0.844488 0.3031496 0.844488 0.4133858 0 P 0
L 0.844488 0.3031496 0.8956692 0.3031496 0 P 0
L 0.844488 0.4133858 0.8956692 0.4133858 0 P 0
L 0.8720472 0.7047244 0.8720472 0.7559056 0 P 0
L 0.8838583 0.9281496 0.8838583 0.9793308 0 P 0
L 0.8956692 0.3031496 0.8956692 0.4133858 0 P 0
L 1.265748 0.9271653 1.265748 0.9783465 0 P 0
L 1.265748 0.9271653 1.3759842 0.9271653 0 P 0
L 1.265748 0.9783465 1.3759842 0.9783465 0 P 0
L 1.3759842 0.9271653 1.3759842 0.9783465 0 P 0
L 1.3877952 0.8395669 1.625 0.8395669 0 P 0
L 1.437992 0.6521652 1.437992 0.6923227 0 P 0
L 1.437992 0.6521652 1.6899606 0.6521652 0 P 0
L 1.437992 0.6923227 1.625 0.6923227 0 P 0
L 1.437992 0.9868111 1.437992 1.0269686 0 P 0
L 1.437992 0.9868111 1.625 0.9868111 0 P 0
L 1.437992 1.0269686 1.6899606 1.0269686 0 P 0
L 1.5498031 0.8296736 1.5498031 0.8494602 0 P 0
L 1.5498031 0.8296736 1.625 0.8296736 0 P 0
L 1.5498031 0.8494602 1.625 0.8494602 0 P 0
L 1.625 0.6521652 1.625 0.8395669 0 P 0
L 1.625 0.8395669 1.625 1.0269686 0 P 0
L 1.6899606 0.6521652 1.6899606 1.0269686 0 P 0
L 1.6899606 0.7432129 1.8029528 0.7432129 0 P 0
L 1.6899606 0.9361524 1.8029528 0.9361524 0 P 0
L 1.8029528 0.7432129 1.8029528 0.9361526 0 P 0
L 1.8029528 0.7432129 1.8177166 0.7346458 0 P 0
L 1.8029528 0.9361524 1.8177166 0.9444882 0 P 0
L 1.8177166 0.7327679 1.8177166 0.9464567 0 P 0
L 1.8177166 0.7327679 1.8260237 0.7177558 0 P 0
L 1.8177166 0.7327679 1.8314568 0.961378 0 P 0
L 1.8177166 0.7327679 1.8397639 0.9464567 0 P 0
L 1.8177166 0.7346458 1.8260237 0.961378 0 P 0
L 1.8177166 0.9464567 1.8260237 0.961378 0 P 0
L 1.8260237 0.7177558 1.8314568 0.7177558 0 P 0
L 1.8260237 0.7177558 1.848071 0.961378 0 P 0
L 1.8260237 0.961378 1.8314568 0.961378 0 P 0
L 1.8314568 0.7177558 1.8397639 0.7326771 0 P 0
L 1.8314568 0.7177558 1.853504 0.961378 0 P 0
L 1.8314568 0.961378 1.8397639 0.9464567 0 P 0
L 1.8397639 0.7326771 1.848071 0.7177558 0 P 0
L 1.8397639 0.7326771 1.8618111 0.9464567 0 P 0
L 1.8397639 0.9464567 1.848071 0.961378 0 P 0
L 1.848071 0.7177558 1.853504 0.7177558 0 P 0
L 1.848071 0.7177558 1.8701182 0.961378 0 P 0
L 1.848071 0.961378 1.853504 0.961378 0 P 0
L 1.853504 0.7177558 1.8618111 0.7326771 0 P 0
L 1.853504 0.7177558 1.8755513 0.961378 0 P 0
L 1.853504 0.961378 1.8618111 0.9464567 0 P 0
L 1.8618111 0.7326771 1.8701182 0.7177558 0 P 0
L 1.8618111 0.7326771 1.8838584 0.9464567 0 P 0
L 1.8618111 0.9464567 1.8701182 0.961378 0 P 0
L 1.8701182 0.7177558 1.8755513 0.7177558 0 P 0
L 1.8701182 0.7177558 1.8921655 0.961378 0 P 0
L 1.8701182 0.961378 1.8755513 0.961378 0 P 0
L 1.8755513 0.7177558 1.8838584 0.7326771 0 P 0
L 1.8755513 0.7177558 1.8975985 0.961378 0 P 0
L 1.8755513 0.961378 1.8838584 0.9464567 0 P 0
L 1.8838584 0.7326771 1.8921655 0.7177558 0 P 0
L 1.8838584 0.7326771 1.9059056 0.9464567 0 P 0
L 1.8838584 0.9464567 1.8921655 0.961378 0 P 0
L 1.8921655 0.7177558 1.8975985 0.7177558 0 P 0
L 1.8921655 0.7177558 1.9142127 0.961378 0 P 0
L 1.8921655 0.961378 1.8975985 0.961378 0 P 0
L 1.8975985 0.7177558 1.9059056 0.7326771 0 P 0
L 1.8975985 0.7177558 1.9196458 0.961378 0 P 0
L 1.8975985 0.961378 1.9059056 0.9464567 0 P 0
L 1.9059056 0.7326771 1.9142127 0.7177558 0 P 0
L 1.9059056 0.7326771 1.9279529 0.9464567 0 P 0
L 1.9059056 0.9464567 1.9142127 0.961378 0 P 0
L 1.9142127 0.7177558 1.9196458 0.7177558 0 P 0
L 1.9142127 0.7177558 1.93626 0.961378 0 P 0
L 1.9142127 0.961378 1.9196458 0.961378 0 P 0
L 1.9196458 0.7177558 1.9279529 0.7326771 0 P 0
L 1.9196458 0.7177558 1.9416931 0.961378 0 P 0
L 1.9196458 0.961378 1.9279529 0.9464567 0 P 0
L 1.9279529 0.7326771 1.93626 0.7177558 0 P 0
L 1.9279529 0.7326771 1.9500002 0.9464567 0 P 0
L 1.9279529 0.9464567 1.93626 0.961378 0 P 0
L 1.93626 0.7177558 1.9416931 0.7177558 0 P 0
L 1.93626 0.7177558 1.9583072 0.961378 0 P 0
L 1.93626 0.961378 1.9416931 0.961378 0 P 0
L 1.9416931 0.7177558 1.9500002 0.7326771 0 P 0
L 1.9416931 0.7177558 1.9637403 0.961378 0 P 0
L 1.9416931 0.961378 1.9500002 0.9464567 0 P 0
L 1.9500002 0.7326771 1.9583072 0.7177558 0 P 0
L 1.9500002 0.7326771 1.9720474 0.9444882 0 P 0
L 1.9500002 0.9464567 1.9583072 0.961378 0 P 0
L 1.9583072 0.7177558 1.9637403 0.7177558 0 P 0
L 1.9583072 0.7177558 1.9720474 0.9444882 0 P 0
L 1.9583072 0.961378 1.9637403 0.961378 0 P 0
L 1.9637403 0.7177558 1.9720474 0.7326771 0 P 0
L 1.9637403 0.7177558 1.9720474 0.9444882 0 P 0
L 1.9637403 0.961378 1.9720474 0.9444882 0 P 0
L 1.9720474 0.7326771 1.9720474 0.9444882 0 P 0
L 1.9720474 0.7346456 2.000197 0.7346456 0 P 0
L 1.9720474 0.9444882 2.000197 0.9444882 0 P 0
L 2.000197 0.7346456 2.000197 0.9444882 0 P 0
