#Layer_Color=8388736
#
#Feature symbol names
#
$0 r3.937

#
#Feature attribute names
#

#
#Layer features
#
L 0.3470471 -0.007874 0.3470471 0.2440946 0 P 0
L 0.3470471 -0.007874 0.7218505 -0.007874 0 P 0
L 0.3470471 0.0570866 0.5344488 0.0570866 0 P 0
L 0.3470471 0.2440946 0.3872046 0.2440946 0 P 0
L 0.3872046 0.0570866 0.3872046 0.2440946 0 P 0
L 0.4126377 -0.1439371 0.4276498 -0.13563 0 P 0
L 0.4126377 -0.1439371 0.6562599 -0.1659844 0 P 0
L 0.4126377 -0.1493702 0.4126377 -0.1439371 0 P 0
L 0.4126377 -0.1493702 0.427559 -0.1576773 0 P 0
L 0.4126377 -0.1493702 0.6562599 -0.1714174 0 P 0
L 0.4126377 -0.1659844 0.427559 -0.1576773 0 P 0
L 0.4126377 -0.1659844 0.6562599 -0.1880316 0 P 0
L 0.4126377 -0.1714174 0.4126377 -0.1659844 0 P 0
L 0.4126377 -0.1714174 0.427559 -0.1797245 0 P 0
L 0.4126377 -0.1714174 0.6562599 -0.1934647 0 P 0
L 0.4126377 -0.1880316 0.427559 -0.1797245 0 P 0
L 0.4126377 -0.1880316 0.6562599 -0.2100789 0 P 0
L 0.4126377 -0.1934647 0.4126377 -0.1880316 0 P 0
L 0.4126377 -0.1934647 0.427559 -0.2017718 0 P 0
L 0.4126377 -0.1934647 0.6562599 -0.2155119 0 P 0
L 0.4126377 -0.2100789 0.427559 -0.2017718 0 P 0
L 0.4126377 -0.2100789 0.6562599 -0.2321261 0 P 0
L 0.4126377 -0.2155119 0.4126377 -0.2100789 0 P 0
L 0.4126377 -0.2155119 0.427559 -0.223819 0 P 0
L 0.4126377 -0.2155119 0.6562599 -0.2375592 0 P 0
L 0.4126377 -0.2321261 0.427559 -0.223819 0 P 0
L 0.4126377 -0.2321261 0.6562599 -0.2541734 0 P 0
L 0.4126377 -0.2375592 0.4126377 -0.2321261 0 P 0
L 0.4126377 -0.2375592 0.427559 -0.2458663 0 P 0
L 0.4126377 -0.2375592 0.6562599 -0.2596065 0 P 0
L 0.4126377 -0.2541734 0.427559 -0.2458663 0 P 0
L 0.4126377 -0.2541734 0.6562599 -0.2762206 0 P 0
L 0.4126377 -0.2596065 0.4126377 -0.2541734 0 P 0
L 0.4126377 -0.2596065 0.427559 -0.2679136 0 P 0
L 0.4126377 -0.2596065 0.6562599 -0.2816537 0 P 0
L 0.4126377 -0.2762206 0.427559 -0.2679136 0 P 0
L 0.4126377 -0.2762206 0.6393701 -0.2899608 0 P 0
L 0.4126377 -0.2816537 0.4126377 -0.2762206 0 P 0
L 0.4126377 -0.2816537 0.427559 -0.2899608 0 P 0
L 0.4126377 -0.2816537 0.6393701 -0.2899608 0 P 0
L 0.427559 -0.1576773 0.6413386 -0.1797245 0 P 0
L 0.427559 -0.1797245 0.6413386 -0.2017718 0 P 0
L 0.427559 -0.2017718 0.6413386 -0.223819 0 P 0
L 0.427559 -0.223819 0.6413386 -0.2458663 0 P 0
L 0.427559 -0.2458663 0.6413386 -0.2679136 0 P 0
L 0.427559 -0.2679136 0.6393701 -0.2899608 0 P 0
L 0.427559 -0.2899608 0.6393701 -0.2899608 0 P 0
L 0.4276498 -0.13563 0.6413386 -0.13563 0 P 0
L 0.4276498 -0.13563 0.6413386 -0.1576773 0 P 0
L 0.4276498 -0.13563 0.6562599 -0.1493702 0 P 0
L 0.4295275 -0.3181104 0.4295275 -0.2899608 0 P 0
L 0.4295275 -0.3181104 0.6393701 -0.3181104 0 P 0
L 0.4295277 -0.13563 0.4380948 -0.1208662 0 P 0
L 0.4295277 -0.13563 0.6562599 -0.1439371 0 P 0
L 0.4380948 -0.1208662 0.4380948 -0.007874 0 P 0
L 0.4380948 -0.1208662 0.6310345 -0.1208662 0 P 0
L 0.5245555 0.0570866 0.5245555 0.1322835 0 P 0
L 0.5245555 0.1322835 0.5443421 0.1322835 0 P 0
L 0.5344488 0.0570866 0.5344488 0.2942914 0 P 0
L 0.5344488 0.0570866 0.7218505 0.0570866 0 P 0
L 0.5443421 0.0570866 0.5443421 0.1322835 0 P 0
L 0.6310343 -0.1208662 0.6310343 -0.007874 0 P 0
L 0.6310343 -0.1208662 0.6393701 -0.13563 0 P 0
L 0.6393701 -0.2899608 0.6562599 -0.2816537 0 P 0
L 0.6393701 -0.3181104 0.6393701 -0.2899608 0 P 0
L 0.6413386 -0.13563 0.6562599 -0.1439371 0 P 0
L 0.6413386 -0.1576773 0.6562599 -0.1493702 0 P 0
L 0.6413386 -0.1576773 0.6562599 -0.1659844 0 P 0
L 0.6413386 -0.1797245 0.6562599 -0.1714174 0 P 0
L 0.6413386 -0.1797245 0.6562599 -0.1880316 0 P 0
L 0.6413386 -0.2017718 0.6562599 -0.1934647 0 P 0
L 0.6413386 -0.2017718 0.6562599 -0.2100789 0 P 0
L 0.6413386 -0.223819 0.6562599 -0.2155119 0 P 0
L 0.6413386 -0.223819 0.6562599 -0.2321261 0 P 0
L 0.6413386 -0.2458663 0.6562599 -0.2375592 0 P 0
L 0.6413386 -0.2458663 0.6562599 -0.2541734 0 P 0
L 0.6413386 -0.2679136 0.6562599 -0.2596065 0 P 0
L 0.6413386 -0.2679136 0.6562599 -0.2762206 0 P 0
L 0.6562599 -0.1493702 0.6562599 -0.1439371 0 P 0
L 0.6562599 -0.1714174 0.6562599 -0.1659844 0 P 0
L 0.6562599 -0.1934647 0.6562599 -0.1880316 0 P 0
L 0.6562599 -0.2155119 0.6562599 -0.2100789 0 P 0
L 0.6562599 -0.2375592 0.6562599 -0.2321261 0 P 0
L 0.6562599 -0.2596065 0.6562599 -0.2541734 0 P 0
L 0.6562599 -0.2816537 0.6562599 -0.2762206 0 P 0
L 0.681693 0.0570866 0.681693 0.2440946 0 P 0
L 0.681693 0.2440946 0.7218505 0.2440946 0 P 0
L 0.7218505 -0.007874 0.7218505 0.2440946 0 P 0
L 0.7687007 0.6417323 0.7687007 0.7519685 0 P 0
L 0.7687007 0.6417323 0.8198819 0.6417323 0 P 0
L 0.7687007 0.7519685 0.8198819 0.7519685 0 P 0
L 0.795866 -0.0108268 0.795866 0.2411418 0 P 0
L 0.795866 -0.0108268 1.1706694 -0.0108268 0 P 0
L 0.795866 0.0541338 0.9832677 0.0541338 0 P 0
L 0.795866 0.2411418 0.8360235 0.2411418 0 P 0
L 0.8198819 0.6417323 0.8198819 0.7519685 0 P 0
L 0.8360235 0.0541338 0.8360235 0.2411418 0 P 0
L 0.8614566 -0.1468899 0.8764687 -0.1385828 0 P 0
L 0.8614566 -0.1468899 1.1050788 -0.1689372 0 P 0
L 0.8614566 -0.152323 0.8614566 -0.1468899 0 P 0
L 0.8614566 -0.152323 0.8763779 -0.1606301 0 P 0
L 0.8614566 -0.152323 1.1050788 -0.1743702 0 P 0
L 0.8614566 -0.1689372 0.8763779 -0.1606301 0 P 0
L 0.8614566 -0.1689372 1.1050788 -0.1909844 0 P 0
L 0.8614566 -0.1743702 0.8614566 -0.1689372 0 P 0
L 0.8614566 -0.1743702 0.8763779 -0.1826773 0 P 0
L 0.8614566 -0.1743702 1.1050788 -0.1964175 0 P 0
L 0.8614566 -0.1909844 0.8763779 -0.1826773 0 P 0
L 0.8614566 -0.1909844 1.1050788 -0.2130317 0 P 0
L 0.8614566 -0.1964175 0.8614566 -0.1909844 0 P 0
L 0.8614566 -0.1964175 0.8763779 -0.2047246 0 P 0
L 0.8614566 -0.1964175 1.1050788 -0.2184647 0 P 0
L 0.8614566 -0.2130317 0.8763779 -0.2047246 0 P 0
L 0.8614566 -0.2130317 1.1050788 -0.2350789 0 P 0
L 0.8614566 -0.2184647 0.8614566 -0.2130317 0 P 0
L 0.8614566 -0.2184647 0.8763779 -0.2267718 0 P 0
L 0.8614566 -0.2184647 1.1050788 -0.240512 0 P 0
L 0.8614566 -0.2350789 0.8763779 -0.2267718 0 P 0
L 0.8614566 -0.2350789 1.1050788 -0.2571262 0 P 0
L 0.8614566 -0.240512 0.8614566 -0.2350789 0 P 0
L 0.8614566 -0.240512 0.8763779 -0.2488191 0 P 0
L 0.8614566 -0.240512 1.1050788 -0.2625593 0 P 0
L 0.8614566 -0.2571262 0.8763779 -0.2488191 0 P 0
L 0.8614566 -0.2571262 1.1050788 -0.2791734 0 P 0
L 0.8614566 -0.2625593 0.8614566 -0.2571262 0 P 0
L 0.8614566 -0.2625593 0.8763779 -0.2708664 0 P 0
L 0.8614566 -0.2625593 1.1050788 -0.2846065 0 P 0
L 0.8614566 -0.2791734 0.8763779 -0.2708664 0 P 0
L 0.8614566 -0.2791734 1.088189 -0.2929136 0 P 0
L 0.8614566 -0.2846065 0.8614566 -0.2791734 0 P 0
L 0.8614566 -0.2846065 0.8763779 -0.2929136 0 P 0
L 0.8614566 -0.2846065 1.088189 -0.2929136 0 P 0
L 0.8763779 -0.1606301 1.0901575 -0.1826773 0 P 0
L 0.8763779 -0.1826773 1.0901575 -0.2047246 0 P 0
L 0.8763779 -0.2047246 1.0901575 -0.2267718 0 P 0
L 0.8763779 -0.2267718 1.0901575 -0.2488191 0 P 0
L 0.8763779 -0.2488191 1.0901575 -0.2708664 0 P 0
L 0.8763779 -0.2708664 1.088189 -0.2929136 0 P 0
L 0.8763779 -0.2929136 1.088189 -0.2929136 0 P 0
L 0.8764687 -0.1385828 1.0901575 -0.1385828 0 P 0
L 0.8764687 -0.1385828 1.0901575 -0.1606301 0 P 0
L 0.8764687 -0.1385828 1.1050788 -0.152323 0 P 0
L 0.8783464 -0.3210632 0.8783464 -0.2929136 0 P 0
L 0.8783464 -0.3210632 1.088189 -0.3210632 0 P 0
L 0.8783466 -0.1385828 0.8869137 -0.123819 0 P 0
L 0.8783466 -0.1385828 1.1050788 -0.1468899 0 P 0
L 0.8869137 -0.123819 0.8869137 -0.0108268 0 P 0
L 0.8869137 -0.123819 1.0798534 -0.123819 0 P 0
L 0.9733744 0.0541338 0.9733744 0.1293307 0 P 0
L 0.9733744 0.1293307 0.993161 0.1293307 0 P 0
L 0.9832677 0.0541338 0.9832677 0.2913386 0 P 0
L 0.9832677 0.0541338 1.1706694 0.0541338 0 P 0
L 0.993161 0.0541338 0.993161 0.1293307 0 P 0
L 1.0452754 0.8848427 1.0452754 0.9950789 0 P 0
L 1.0452754 0.8848427 1.0964566 0.8848427 0 P 0
L 1.0452754 0.9950789 1.0964566 0.9950789 0 P 0
L 1.0798532 -0.123819 1.0798532 -0.0108268 0 P 0
L 1.0798532 -0.123819 1.088189 -0.1385828 0 P 0
L 1.088189 -0.2929136 1.1050788 -0.2846065 0 P 0
L 1.088189 -0.3210632 1.088189 -0.2929136 0 P 0
L 1.0901575 -0.1385828 1.1050788 -0.1468899 0 P 0
L 1.0901575 -0.1606301 1.1050788 -0.152323 0 P 0
L 1.0901575 -0.1606301 1.1050788 -0.1689372 0 P 0
L 1.0901575 -0.1826773 1.1050788 -0.1743702 0 P 0
L 1.0901575 -0.1826773 1.1050788 -0.1909844 0 P 0
L 1.0901575 -0.2047246 1.1050788 -0.1964175 0 P 0
L 1.0901575 -0.2047246 1.1050788 -0.2130317 0 P 0
L 1.0901575 -0.2267718 1.1050788 -0.2184647 0 P 0
L 1.0901575 -0.2267718 1.1050788 -0.2350789 0 P 0
L 1.0901575 -0.2488191 1.1050788 -0.240512 0 P 0
L 1.0901575 -0.2488191 1.1050788 -0.2571262 0 P 0
L 1.0901575 -0.2708664 1.1050788 -0.2625593 0 P 0
L 1.0901575 -0.2708664 1.1050788 -0.2791734 0 P 0
L 1.0964566 0.8848427 1.0964566 0.9950789 0 P 0
L 1.1050788 -0.152323 1.1050788 -0.1468899 0 P 0
L 1.1050788 -0.1743702 1.1050788 -0.1689372 0 P 0
L 1.1050788 -0.1964175 1.1050788 -0.1909844 0 P 0
L 1.1050788 -0.2184647 1.1050788 -0.2130317 0 P 0
L 1.1050788 -0.240512 1.1050788 -0.2350789 0 P 0
L 1.1050788 -0.2625593 1.1050788 -0.2571262 0 P 0
L 1.1050788 -0.2846065 1.1050788 -0.2791734 0 P 0
L 1.1082675 0.885827 1.1082675 0.9960632 0 P 0
L 1.1082675 0.885827 1.1594487 0.885827 0 P 0
L 1.1082675 0.9960632 1.1594487 0.9960632 0 P 0
L 1.1305119 0.0541338 1.1305119 0.2411418 0 P 0
L 1.1305119 0.2411418 1.1706694 0.2411418 0 P 0
L 1.1594487 0.885827 1.1594487 0.9960632 0 P 0
L 1.1706694 -0.0108268 1.1706694 0.2411418 0 P 0
L 2.0215608 1.468641 2.0215608 1.5060426 0 P 0
L 2.0215608 1.468641 2.0904584 1.468641 0 P 0
L 2.0215608 1.5060426 2.0904584 1.5060426 0 P 0
L 2.0738206 0.4675229 2.0738206 0.5049245 0 P 0
L 2.0738206 0.4675229 2.1427182 0.4675229 0 P 0
L 2.0738206 0.5049245 2.1427182 0.5049245 0 P 0
L 2.0904584 1.468641 2.0904584 1.5060426 0 P 0
L 2.1181102 0.3326772 2.1181102 0.4429134 0 P 0
L 2.1181102 0.3326772 2.1692914 0.3326772 0 P 0
L 2.1181102 0.4429134 2.1692914 0.4429134 0 P 0
L 2.1209685 1.2688347 2.1209685 1.3790709 0 P 0
L 2.1209685 1.2688347 2.1721497 1.2688347 0 P 0
L 2.1209685 1.3790709 2.1721497 1.3790709 0 P 0
L 2.1427182 0.4675229 2.1427182 0.5049245 0 P 0
L 2.1692914 0.3326772 2.1692914 0.4429134 0 P 0
L 2.1721497 1.2688347 2.1721497 1.3790709 0 P 0
