#Layer_Color=32896
#
#Feature symbol names
#
$0 r3.937

#
#Feature attribute names
#

#
#Layer features
#
A -0.007 0.0554558 0.011 0.012 0.0544558 0.0554558 0 P 0 N
A 0.011 0.012 0.0568701 -0.007 0.0568701 0.0578701 0 P 0 N
A 0.0114142 1.6884142 -0.007 1.6439584 0.05587 1.6439584 0 P 0 N
A 0.047 1.707 0.0179792 1.6949792 0.047 1.6659584 0 P 0 N
A 2.208 -0.007 2.2506777 0.0106777 2.208 0.0533554 0 P 0 N
A 2.255 0.015 2.273 0.0584558 2.2115442 0.0584558 0 P 0 N
L -0.007 0.0554558 -0.007 1.6265858 0 P 0
L -0.007 1.6265858 -0.007 1.6439584 0 P 0
L 0.0114142 1.6884142 0.0179792 1.6949792 0 P 0
L 0.047 1.707 0.844 1.707 0 P 0
L 0.0568701 -0.007 2.208 -0.007 0 P 0
L 0.3356298 0.0728347 0.3356298 0.2657482 0 P 0
L 0.3356298 0.0728347 0.398622 0.0728347 0 P 0
L 0.3356298 0.2657482 0.398622 0.2657482 0 P 0
L 0.3474408 0.1692914 0.3671259 0.1692914 0 P 0
L 0.3671259 0.1496064 0.3671259 0.1692914 0 P 0
L 0.3671259 0.1692914 0.3671259 0.1889765 0 P 0
L 0.3671259 0.1692914 0.3868109 0.1692914 0 P 0
L 0.398622 0.0728347 0.398622 0.2657482 0 P 0
L 0.5049212 0.0610236 0.5049212 0.1535434 0 P 0
L 0.5049212 0.0610236 0.5639764 0.0610236 0 P 0
L 0.5049212 0.1535434 0.5639764 0.1535434 0 P 0
L 0.5147637 0.1072835 0.5344488 0.1072835 0 P 0
L 0.5344488 0.0875984 0.5344488 0.1072835 0 P 0
L 0.5344488 0.1072835 0.5344488 0.1269686 0 P 0
L 0.5344488 0.1072835 0.5541339 0.1072835 0 P 0
L 0.5639764 0.0610236 0.5639764 0.1535434 0 P 0
L 0.6702756 0.0728347 0.6702756 0.2657482 0 P 0
L 0.6702756 0.0728347 0.7332678 0.0728347 0 P 0
L 0.6702756 0.2657482 0.7332678 0.2657482 0 P 0
L 0.6820867 0.1692914 0.7017717 0.1692914 0 P 0
L 0.7017717 0.1496064 0.7017717 0.1692914 0 P 0
L 0.7017717 0.1692914 0.7017717 0.1889765 0 P 0
L 0.7017717 0.1692914 0.7214568 0.1692914 0 P 0
L 0.7332678 0.0728347 0.7332678 0.2657482 0 P 0
L 0.7844487 0.0698819 0.7844487 0.2627954 0 P 0
L 0.7844487 0.0698819 0.8474409 0.0698819 0 P 0
L 0.7844487 0.2627954 0.8474409 0.2627954 0 P 0
L 0.7962597 0.1663386 0.8159448 0.1663386 0 P 0
L 0.8159448 0.1466536 0.8159448 0.1663386 0 P 0
L 0.8159448 0.1663386 0.8159448 0.1860237 0 P 0
L 0.8159448 0.1663386 0.8356298 0.1663386 0 P 0
L 0.844 1.697 0.844 1.707 0 P 0
L 0.844 1.697 0.852 1.045 0 P 0
L 0.8474409 0.0698819 0.8474409 0.2627954 0 P 0
L 0.852 1.045 0.892 1.032 0 P 0
L 0.892 1.032 1.181 1.038 0 P 0
L 0.9537401 0.0580708 0.9537401 0.1505906 0 P 0
L 0.9537401 0.0580708 1.0127953 0.0580708 0 P 0
L 0.9537401 0.1505906 1.0127953 0.1505906 0 P 0
L 0.9635826 0.1043307 0.9832677 0.1043307 0 P 0
L 0.9832677 0.0846456 0.9832677 0.1043307 0 P 0
L 0.9832677 0.1043307 0.9832677 0.1240158 0 P 0
L 0.9832677 0.1043307 1.0029528 0.1043307 0 P 0
L 1.0127953 0.0580708 1.0127953 0.1505906 0 P 0
L 1.1190945 0.0698819 1.1190945 0.2627954 0 P 0
L 1.1190945 0.0698819 1.1820867 0.0698819 0 P 0
L 1.1190945 0.2627954 1.1820867 0.2627954 0 P 0
L 1.1309056 0.1663386 1.1505906 0.1663386 0 P 0
L 1.1505906 0.1466536 1.1505906 0.1663386 0 P 0
L 1.1505906 0.1663386 1.1505906 0.1860237 0 P 0
L 1.1505906 0.1663386 1.1702757 0.1663386 0 P 0
L 1.181 1.038 1.315 1.04 0 P 0
L 1.1820867 0.0698819 1.1820867 0.2627954 0 P 0
L 1.315 1.04 1.366 0.995 0 P 0
L 1.366 0.995 1.379 0.821 0 P 0
L 1.379 0.821 1.41 0.79 0 P 0
L 1.41 0.79 1.923 0.791 0 P 0
L 1.923 0.791 1.961 0.825 0 P 0
L 1.961 0.825 1.963 0.977 0 P 0
L 1.963 0.977 1.98 1.004 0 P 0
L 1.98 1.004 2.063 1.005 0 P 0
L 2.063 1.005 2.09 1.027 0 P 0
L 2.09 1.027 2.092 1.33 0 P 0
L 2.092 1.33 2.119 1.359 0 P 0
L 2.119 1.359 2.272 1.359 0 P 0
L 2.2506777 0.0106777 2.255 0.015 0 P 0
L 2.272 1.359 2.273 0.071 0 P 0
L 2.273 0.0584558 2.273 0.071 0 P 0
