#Layer_Color=16711935
#
#Feature symbol names
#
$0 r7.874
$1 r3.937
$2 r10

#
#Feature attribute names
#

#
#Layer features
#
A 0.5994094 0.8975394 0.5994094 0.8975394 0.5797244 0.8975394 1 P 0 N
A 1.0885827 1.2982284 1.0885827 1.3297244 1.0885827 1.3139764 0 P 0 N
A 1.0885827 1.3297244 1.0885827 1.2982284 1.0885827 1.3139764 0 P 0 N
A 1.1732284 1.2972442 1.1732284 1.3287402 1.1732284 1.3129922 0 P 0 N
A 1.1732284 1.3287402 1.1732284 1.2972442 1.1732284 1.3129922 0 P 0 N
A 1.2559055 1.2972442 1.2559055 1.3287402 1.2559055 1.3129922 0 P 0 N
A 1.2559055 1.3287402 1.2559055 1.2972442 1.2559055 1.3129922 0 P 0 N
A 1.3395669 1.2972442 1.3395669 1.3287402 1.3395669 1.3129922 0 P 0 N
A 1.3395669 1.3287402 1.3395669 1.2972442 1.3395669 1.3129922 0 P 0 N
A 1.3996063 1.2972442 1.3996063 1.3287402 1.3996063 1.3129922 0 P 0 N
A 1.3996063 1.3287402 1.3996063 1.2972442 1.3996063 1.3129922 0 P 0 N
L 0.0003937 0.8584646 0.0003937 1.4663386 1 P 0
L 0.0149607 0.284252 0.0149607 0.784252 1 P 0
L 0.0149607 0.284252 0.2129921 0.284252 1 P 0
L 0.0149607 0.784252 0.2129921 0.784252 1 P 0
L -0.0980315 0.8584646 0.0003937 0.8584646 1 P 0
L -0.0980315 0.8584646 -0.0980315 1.4663386 1 P 0
L -0.0980315 1.4663386 0.0003937 1.4663386 1 P 0
L 0.2129921 0.284252 0.2129921 0.784252 1 P 0
L 0.242126 0.5629921 0.242126 0.6417323 0 P 0
L 0.242126 0.5629921 0.2913386 0.5629921 0 P 0
L 0.242126 0.6417323 0.2913386 0.6417323 0 P 0
L 0.289378 1.2855039 0.289378 1.3484961 1 P 0
L 0.289378 1.2855039 0.336622 1.2855039 1 P 0
L 0.289378 1.328811 0.309063 1.3484961 1 P 0
L 0.289378 1.3484961 0.336622 1.3484961 1 P 0
L 0.2913386 0.5629921 0.2913386 0.6417323 0 P 0
L 0.2962599 1.0964567 0.2962599 1.1358267 1 P 0
L 0.2962599 1.0964567 0.3159449 1.0964567 1 P 0
L 0.2962599 1.1358267 0.3159449 1.1358267 1 P 0
L 0.3011811 0.9478347 0.3011811 1.0659449 1 P 0
L 0.3011811 0.9478347 0.4192913 0.9478347 1 P 0
L 0.3011811 1.0403544 0.3267716 1.0659449 1 P 0
L 0.3011811 1.0659449 0.4192913 1.0659449 1 P 0
L 0.3129921 0.5954725 0.3129921 0.6348425 1 P 0
L 0.3129921 0.5954725 0.3326771 0.5954725 1 P 0
L 0.3129921 0.6348425 0.3326771 0.6348425 1 P 0
L 0.3159449 1.0964567 0.3159449 1.1358267 1 P 0
L 0.3248031 0.5246064 0.3248031 0.5442914 1 P 0
L 0.3248031 0.5246064 0.3641731 0.5246064 1 P 0
L 0.3248031 0.5442914 0.3641731 0.5442914 1 P 0
L 0.3326771 0.5954725 0.3326771 0.6348425 1 P 0
L 0.3366142 0.4094488 0.3366142 0.488189 0 P 0
L 0.3366142 0.4094488 0.3858268 0.4094488 0 P 0
L 0.3366142 0.488189 0.3858268 0.488189 0 P 0
L 0.336622 1.2855039 0.336622 1.3484961 1 P 0
L 0.3543306 0.5580709 0.3543306 0.7549213 1 P 0
L 0.3543306 0.5580709 0.6299212 0.5580709 1 P 0
L 0.3543306 0.7549213 0.6299212 0.7549213 1 P 0
L 0.3641731 0.5246064 0.3641731 0.5442914 1 P 0
L 0.3858268 0.4094488 0.3858268 0.488189 0 P 0
L 0.4094488 1.1811024 0.4094488 1.3897638 1 P 0
L 0.4094488 1.1811024 0.8346456 1.1811024 1 P 0
L 0.4094488 1.2311024 0.4594488 1.1811024 1 P 0
L 0.4094488 1.3897638 0.8346456 1.3897638 1 P 0
L 0.4192913 0.9478347 0.4192913 1.0659449 1 P 0
L 0.4281496 0.3405512 0.4281496 0.3917324 1 P 0
L 0.4281496 0.3405512 0.5423228 0.3405512 1 P 0
L 0.4281496 0.3917324 0.5423228 0.3917324 1 P 0
L 0.4301181 0.7775591 0.4301181 0.8917323 1 P 0
L 0.4301181 0.7775591 0.4812993 0.7775591 1 P 0
L 0.4301181 0.853937 0.4679134 0.8917323 1 P 0
L 0.4301181 0.8917323 0.4812993 0.8917323 1 P 0
L 0.4812993 0.7775591 0.4812993 0.8917323 1 P 0
L 0.5045275 0.3917324 0.5423228 0.3539371 1 P 0
L 0.523315 0.4601575 0.523315 0.4798425 1 P 0
L 0.523315 0.4601575 0.562685 0.4601575 1 P 0
L 0.523315 0.4798425 0.562685 0.4798425 1 P 0
L 0.5423228 0.3405512 0.5423228 0.3917324 1 P 0
L 0.5423228 0.8601378 0.5423228 0.9625 1 P 0
L 0.5423228 0.8601378 0.7234252 0.8601378 1 P 0
L 0.5423228 0.9625 0.7234252 0.9625 1 P 0
L 0.5610235 0.7549213 0.6299212 0.6860237 1 P 0
L 0.562685 0.4601575 0.562685 0.4798425 1 P 0
L 0.5757874 0.3356299 0.5757874 0.3868111 1 P 0
L 0.5757874 0.3356299 0.6899606 0.3356299 1 P 0
L 0.5757874 0.3868111 0.6899606 0.3868111 1 P 0
L 0.6299212 0.5580709 0.6299212 0.7549213 1 P 0
L 0.650315 0.5161575 0.650315 0.5358425 1 P 0
L 0.650315 0.5161575 0.689685 0.5161575 1 P 0
L 0.650315 0.5358425 0.689685 0.5358425 1 P 0
L 0.6521653 0.3868111 0.6899606 0.3490158 1 P 0
L 0.671315 0.4601575 0.671315 0.4798425 1 P 0
L 0.671315 0.4601575 0.710685 0.4601575 1 P 0
L 0.671315 0.4798425 0.710685 0.4798425 1 P 0
L 0.6722441 0.6712598 0.6722441 0.6909448 1 P 0
L 0.6722441 0.6712598 0.7116141 0.6712598 1 P 0
L 0.6722441 0.6909448 0.7116141 0.6909448 1 P 0
L 0.6722442 0.6318898 0.6722442 0.6515748 1 P 0
L 0.6722442 0.6318898 0.7116142 0.6318898 1 P 0
L 0.6722442 0.6515748 0.7116142 0.6515748 1 P 0
L 0.6761811 0.7116143 0.6761811 0.7312993 1 P 0
L 0.6761811 0.7116143 0.7155511 0.7116143 1 P 0
L 0.6761811 0.7312993 0.7155511 0.7312993 1 P 0
L 0.6771654 0.5521654 0.6771654 0.5718504 1 P 0
L 0.6771654 0.5521654 0.7165354 0.5521654 1 P 0
L 0.6771654 0.5718504 0.7165354 0.5718504 1 P 0
L 0.6771654 0.5954724 0.6771654 0.6151574 1 P 0
L 0.6771654 0.5954724 0.7165354 0.5954724 1 P 0
L 0.6771654 0.6151574 0.7165354 0.6151574 1 P 0
L 0.689685 0.5161575 0.689685 0.5358425 1 P 0
L 0.6899606 0.3356299 0.6899606 0.3868111 1 P 0
L 0.710685 0.4601575 0.710685 0.4798425 1 P 0
L 0.7116141 0.6712598 0.7116141 0.6909448 1 P 0
L 0.7116142 0.6318898 0.7116142 0.6515748 1 P 0
L 0.7155511 0.7116143 0.7155511 0.7312993 1 P 0
L 0.7165354 0.5521654 0.7165354 0.5718504 1 P 0
L 0.7165354 0.5954724 0.7165354 0.6151574 1 P 0
L 0.7234252 0.8601378 0.7234252 0.9625 1 P 0
L 0.738189 0.8287401 0.738189 0.8799213 1 P 0
L 0.738189 0.8287401 0.8523622 0.8287401 1 P 0
L 0.738189 0.8799213 0.8523622 0.8799213 1 P 0
L 0.8149606 0.8799213 0.8523622 0.8425197 1 P 0
L 0.8346456 1.1811024 0.8346456 1.3897638 1 P 0
L 0.8425195 0.635827 0.8425195 0.675197 1 P 0
L 0.8425195 0.635827 0.8622045 0.635827 1 P 0
L 0.8425195 0.675197 0.8622045 0.675197 1 P 0
L 0.8523622 0.8287401 0.8523622 0.8799213 1 P 0
L 0.8622045 0.635827 0.8622045 0.675197 1 P 0
L 0.8730313 0.8061026 0.8730313 0.8454726 1 P 0
L 0.8730313 0.8061026 0.8927163 0.8061026 1 P 0
L 0.8730313 0.8454726 0.8927163 0.8454726 1 P 0
L 0.8769684 0.7057089 0.8769684 0.7253939 1 P 0
L 0.8769684 0.7057089 0.9163384 0.7057089 1 P 0
L 0.8769684 0.7253939 0.9163384 0.7253939 1 P 0
L 0.8799211 0.635827 0.8799211 0.675197 1 P 0
L 0.8799211 0.635827 0.8996061 0.635827 1 P 0
L 0.8799211 0.675197 0.8996061 0.675197 1 P 0
L 0.8818896 0.7480317 0.8818896 0.7677167 1 P 0
L 0.8818896 0.7480317 0.9212596 0.7480317 1 P 0
L 0.8818896 0.7677167 0.9212596 0.7677167 1 P 0
L 0.8927163 0.8061026 0.8927163 0.8454726 1 P 0
L 0.8996061 0.635827 0.8996061 0.675197 1 P 0
L 0.9124014 0.8061026 0.9124014 0.8454726 1 P 0
L 0.9124014 0.8061026 0.9320864 0.8061026 1 P 0
L 0.9124014 0.8454726 0.9320864 0.8454726 1 P 0
L 0.9163384 0.635827 0.9163384 0.675197 1 P 0
L 0.9163384 0.635827 0.9360234 0.635827 1 P 0
L 0.9163384 0.675197 0.9360234 0.675197 1 P 0
L 0.9163384 0.7057089 0.9163384 0.7253939 1 P 0
L 0.9212596 0.7480317 0.9212596 0.7677167 1 P 0
L 0.9320864 0.8061026 0.9320864 0.8454726 1 P 0
L 0.9360234 0.635827 0.9360234 0.675197 1 P 0
L 0.9448817 0.5078742 0.9448817 0.5275592 1 P 0
L 0.9448817 0.5078742 0.9842517 0.5078742 1 P 0
L 0.9448817 0.5275592 0.9842517 0.5275592 1 P 0
L 0.9744093 0.9015751 0.9744093 0.9409451 1 P 0
L 0.9744093 0.9015751 0.9940943 0.9015751 1 P 0
L 0.9744093 0.9409451 0.9940943 0.9409451 1 P 0
L 0.9842517 0.5078742 0.9842517 0.5275592 1 P 0
L 0.9940943 0.9015751 0.9940943 0.9409451 1 P 0
L 1.0118109 0.9015751 1.0118109 0.9409451 1 P 0
L 1.0118109 0.9015751 1.0314959 0.9015751 1 P 0
L 1.0118109 0.9409451 1.0314959 0.9409451 1 P 0
L 1.0135824 0.5077561 1.0135824 0.8485435 1 P 0
L 1.0135824 0.5077561 1.1675194 0.5077561 1 P 0
L 1.0135824 0.8233467 1.0387792 0.8485435 1 P 0
L 1.0135824 0.8485435 1.1675194 0.8485435 1 P 0
L 1.0314959 0.9015751 1.0314959 0.9409451 1 P 0
L 1.0728344 1.5285433 1.0728344 1.5915355 1 P 0
L 1.0728344 1.5285433 1.1043304 1.5285433 1 P 0
L 1.0728344 1.5915355 1.1043304 1.5915355 1 P 0
L 1.0777559 1.4045276 1.0777559 1.4438976 1 P 0
L 1.0777559 1.4045276 1.0974409 1.4045276 1 P 0
L 1.0777559 1.4438976 1.0974409 1.4438976 1 P 0
L 1.0938186 1.5915355 1.1043304 1.5810237 1 P 0
L 1.0974409 1.4045276 1.0974409 1.4438976 1 P 0
L 1.1043304 1.5285433 1.1043304 1.5915355 1 P 0
L 1.1574804 1.5285433 1.1574804 1.5915355 1 P 0
L 1.1574804 1.5285433 1.1889764 1.5285433 1 P 0
L 1.1574804 1.5915355 1.1889764 1.5915355 1 P 0
L 1.1633859 1.4055119 1.1633859 1.4448819 1 P 0
L 1.1633859 1.4055119 1.1830709 1.4055119 1 P 0
L 1.1633859 1.4448819 1.1830709 1.4448819 1 P 0
L 1.1675194 0.5077561 1.1675194 0.8485435 1 P 0
L 1.1722439 0.9035435 1.1722439 0.9429135 1 P 0
L 1.1722439 0.9035435 1.1919289 0.9035435 1 P 0
L 1.1722439 0.9429135 1.1919289 0.9429135 1 P 0
L 1.1784646 1.5915355 1.1889764 1.5810237 1 P 0
L 1.1830709 1.4055119 1.1830709 1.4448819 1 P 0
L 1.1879919 0.4803152 1.1879919 0.5196852 1 P 0
L 1.1879919 0.4803152 1.2076769 0.4803152 1 P 0
L 1.1879919 0.5196852 1.2076769 0.5196852 1 P 0
L 1.1889764 1.5285433 1.1889764 1.5915355 1 P 0
L 1.1919289 0.9035435 1.1919289 0.9429135 1 P 0
L 1.2076769 0.4803152 1.2076769 0.5196852 1 P 0
L 1.2106297 0.9035435 1.2106297 0.9429135 1 P 0
L 1.2106297 0.9035435 1.2303147 0.9035435 1 P 0
L 1.2106297 0.9429135 1.2303147 0.9429135 1 P 0
L 1.2244095 0.484252 1.2244095 0.523622 1 P 0
L 1.2244095 0.484252 1.2440945 0.484252 1 P 0
L 1.2244095 0.523622 1.2440945 0.523622 1 P 0
L 1.2303147 0.9035435 1.2303147 0.9429135 1 P 0
L 1.2411418 1.5285433 1.2411418 1.5915355 1 P 0
L 1.2411418 1.5285433 1.2726378 1.5285433 1 P 0
L 1.2411418 1.5915355 1.2726378 1.5915355 1 P 0
L 1.2440945 0.484252 1.2440945 0.523622 1 P 0
L 1.2480315 1.4055119 1.2480315 1.4448819 1 P 0
L 1.2480315 1.4055119 1.2677165 1.4055119 1 P 0
L 1.2480315 1.4448819 1.2677165 1.4448819 1 P 0
L 1.262126 1.5915355 1.2726378 1.5810237 1 P 0
L 1.2621575 0.486315 1.2621575 0.525685 1 P 0
L 1.2621575 0.486315 1.2818425 0.486315 1 P 0
L 1.2621575 0.525685 1.2818425 0.525685 1 P 0
L 1.264315 0.5731575 1.264315 0.5928425 1 P 0
L 1.264315 0.5731575 1.303685 0.5731575 1 P 0
L 1.264315 0.5928425 1.303685 0.5928425 1 P 0
L 1.264315 0.6521575 1.264315 0.6718425 1 P 0
L 1.264315 0.6521575 1.303685 0.6521575 1 P 0
L 1.264315 0.6718425 1.303685 0.6718425 1 P 0
L 1.265315 0.6081575 1.265315 0.6278425 1 P 0
L 1.265315 0.6081575 1.304685 0.6081575 1 P 0
L 1.265315 0.6278425 1.304685 0.6278425 1 P 0
L 1.2677165 1.4055119 1.2677165 1.4448819 1 P 0
L 1.268315 0.6991575 1.268315 0.7188425 1 P 0
L 1.268315 0.6991575 1.307685 0.6991575 1 P 0
L 1.268315 0.7188425 1.307685 0.7188425 1 P 0
L 1.269315 0.7351575 1.269315 0.7548425 1 P 0
L 1.269315 0.7351575 1.308685 0.7351575 1 P 0
L 1.269315 0.7548425 1.308685 0.7548425 1 P 0
L 1.269315 0.7711575 1.269315 0.7908425 1 P 0
L 1.269315 0.7711575 1.308685 0.7711575 1 P 0
L 1.269315 0.7908425 1.308685 0.7908425 1 P 0
L 1.2726378 1.5285433 1.2726378 1.5915355 1 P 0
L 1.2818425 0.486315 1.2818425 0.525685 1 P 0
L 1.303685 0.5731575 1.303685 0.5928425 1 P 0
L 1.303685 0.6521575 1.303685 0.6718425 1 P 0
L 1.304685 0.6081575 1.304685 0.6278425 1 P 0
L 1.3051181 0.4812993 1.3051181 0.5206693 1 P 0
L 1.3051181 0.4812993 1.3248031 0.4812993 1 P 0
L 1.3051181 0.5206693 1.3248031 0.5206693 1 P 0
L 1.307685 0.6991575 1.307685 0.7188425 1 P 0
L 1.308685 0.7351575 1.308685 0.7548425 1 P 0
L 1.308685 0.7711575 1.308685 0.7908425 1 P 0
L 1.3248031 0.4812993 1.3248031 0.5206693 1 P 0
L 1.3257874 1.5285433 1.3257874 1.5915355 1 P 0
L 1.3257874 1.5285433 1.3572834 1.5285433 1 P 0
L 1.3257874 1.5915355 1.3572834 1.5915355 1 P 0
L 1.3326772 1.4055119 1.3326772 1.4448819 1 P 0
L 1.3326772 1.4055119 1.3523622 1.4055119 1 P 0
L 1.3326772 1.4448819 1.3523622 1.4448819 1 P 0
L 1.3464567 0.698819 1.3464567 0.718504 1 P 0
L 1.3464567 0.698819 1.3858267 0.698819 1 P 0
L 1.3464567 0.718504 1.3858267 0.718504 1 P 0
L 1.3467716 1.5915355 1.3572834 1.5810237 1 P 0
L 1.347315 0.6501575 1.347315 0.6698425 1 P 0
L 1.347315 0.6501575 1.386685 0.6501575 1 P 0
L 1.347315 0.6698425 1.386685 0.6698425 1 P 0
L 1.3523622 1.4055119 1.3523622 1.4448819 1 P 0
L 1.3572834 1.5285433 1.3572834 1.5915355 1 P 0
L 1.3858267 0.698819 1.3858267 0.718504 1 P 0
L 1.386685 0.6501575 1.386685 0.6698425 1 P 0
L 1.41437 0.5639764 1.41437 0.6427166 1 P 0
L 1.41437 0.5639764 1.4635826 0.5639764 1 P 0
L 1.41437 0.6427166 1.4635826 0.6427166 1 P 0
L 1.4271653 0.6870079 1.4271653 0.7362205 1 P 0
L 1.4271653 0.6870079 1.5059055 0.6870079 1 P 0
L 1.4271653 0.7362205 1.5059055 0.7362205 1 P 0
L 1.4635826 0.5639764 1.4635826 0.6427166 1 P 0
L 1.5059055 0.6870079 1.5059055 0.7362205 1 P 0
L 1.5088582 0.5954725 1.5088582 0.6151575 1 P 0
L 1.5088582 0.5954725 1.5482282 0.5954725 1 P 0
L 1.5088582 0.6151575 1.5482282 0.6151575 1 P 0
L 1.5088583 0.5561024 1.5088583 0.5757874 1 P 0
L 1.5088583 0.5561024 1.5482283 0.5561024 1 P 0
L 1.5088583 0.5757874 1.5482283 0.5757874 1 P 0
L 1.5482282 0.5954725 1.5482282 0.6151575 1 P 0
L 1.5482283 0.5561024 1.5482283 0.5757874 1 P 0
L 1.5570866 0.6437008 1.5570866 0.6633858 1 P 0
L 1.5570866 0.6437008 1.5964566 0.6437008 1 P 0
L 1.5570866 0.6633858 1.5964566 0.6633858 1 P 0
L 1.57874 0.7155511 1.5787401 0.695866 1 P 0
L 1.57874 0.7155511 1.6181101 0.7155512 1 P 0
L 1.57874 0.7716535 1.5787401 0.7913384 1 P 0
L 1.57874 0.7716535 1.6181101 0.7716536 1 P 0
L 1.5787401 0.695866 1.6181102 0.6958661 1 P 0
L 1.5787401 0.7332677 1.5787401 0.7529527 1 P 0
L 1.5787401 0.7332677 1.6181101 0.7332677 1 P 0
L 1.5787401 0.7529527 1.6181101 0.7529527 1 P 0
L 1.5787401 0.7913384 1.6181102 0.7913385 1 P 0
L 1.5856299 0.5649607 1.5856299 0.6043307 1 P 0
L 1.5856299 0.5649607 1.6053149 0.5649607 1 P 0
L 1.5856299 0.6043307 1.6053149 0.6043307 1 P 0
L 1.5964566 0.6437008 1.5964566 0.6633858 1 P 0
L 1.601315 1.1941574 1.601315 1.2138425 1 P 0
L 1.601315 1.1941574 1.640685 1.1941575 1 P 0
L 1.601315 1.2138425 1.640685 1.2138426 1 P 0
L 1.6053149 0.5649607 1.6053149 0.6043307 1 P 0
L 1.605315 1.0383859 1.605315 1.0580709 1 P 0
L 1.605315 1.0383859 1.644685 1.0383859 1 P 0
L 1.605315 1.0580709 1.644685 1.0580709 1 P 0
L 1.605315 1.0807087 1.605315 1.1003937 1 P 0
L 1.605315 1.0807087 1.644685 1.0807087 1 P 0
L 1.605315 1.1003937 1.644685 1.1003937 1 P 0
L 1.605315 1.1190946 1.605315 1.1387796 1 P 0
L 1.605315 1.1190946 1.644685 1.1190946 1 P 0
L 1.605315 1.1387796 1.644685 1.1387796 1 P 0
L 1.605315 1.1574804 1.605315 1.1771654 1 P 0
L 1.605315 1.1574804 1.644685 1.1574804 1 P 0
L 1.605315 1.1771654 1.644685 1.1771654 1 P 0
L 1.6181101 0.7155512 1.6181102 0.6958661 1 P 0
L 1.6181101 0.7332677 1.6181101 0.7529527 1 P 0
L 1.6181101 0.7716536 1.6181102 0.7913385 1 P 0
L 1.6387795 0.9704725 1.6387795 1.0098425 1 P 0
L 1.6387795 0.9704725 1.6584645 0.9704725 1 P 0
L 1.6387795 1.0098425 1.6584645 1.0098425 1 P 0
L 1.640685 1.1941575 1.640685 1.2138426 1 P 0
L 1.644685 1.0383859 1.644685 1.0580709 1 P 0
L 1.644685 1.0807087 1.644685 1.1003937 1 P 0
L 1.644685 1.1190946 1.644685 1.1387796 1 P 0
L 1.644685 1.1574804 1.644685 1.1771654 1 P 0
L 1.6584645 0.9704725 1.6584645 1.0098425 1 P 0
L 1.6870079 0.4921261 1.6870079 0.7283465 1 P 0
L 1.6870079 0.4921261 1.9232283 0.4921261 1 P 0
L 1.6870079 0.5118111 1.7066929 0.492126 1 P 0
L 1.6870079 0.7283465 1.9232283 0.7283465 1 P 0
L 1.688315 0.7681575 1.688315 0.7878425 1 P 0
L 1.688315 0.7681575 1.727685 0.7681575 1 P 0
L 1.688315 0.7878425 1.727685 0.7878425 1 P 0
L 1.690315 0.8151574 1.690315 0.8348425 1 P 0
L 1.690315 0.8151574 1.729685 0.8151575 1 P 0
L 1.690315 0.8348425 1.729685 0.8348426 1 P 0
L 1.6958661 0.9704724 1.6958661 1.1673228 1 P 0
L 1.6958661 0.9704724 1.8927165 0.9704724 1 P 0
L 1.6958661 1.1476378 1.7155511 1.1673228 1 P 0
L 1.6958661 1.1673228 1.8927165 1.1673228 1 P 0
L 1.7155512 1.2155512 1.7155512 1.2549212 1 P 0
L 1.7155512 1.2155512 1.7352362 1.2155512 1 P 0
L 1.7155512 1.2549212 1.7352362 1.2549212 1 P 0
L 1.7175196 0.4104332 1.7175197 0.4498032 1 P 0
L 1.7175196 0.4104332 1.7372047 0.4104332 1 P 0
L 1.7175197 0.4498032 1.7372048 0.4498032 1 P 0
L 1.7244095 0.8799213 1.7244095 0.9192913 1 P 0
L 1.7244095 0.8799213 1.7440945 0.8799213 1 P 0
L 1.7244095 0.9192913 1.7440945 0.9192913 1 P 0
L 1.727685 0.7681575 1.727685 0.7878425 1 P 0
L 1.729685 0.8151575 1.729685 0.8348426 1 P 0
L 1.7352362 1.2155512 1.7352362 1.2549212 1 P 0
L 1.7372047 0.4104332 1.7372048 0.4498032 1 P 0
L 1.7440945 0.8799213 1.7440945 0.9192913 1 P 0
L 1.7551574 0.770315 1.7551575 0.8096851 1 P 0
L 1.7551574 0.770315 1.7748425 0.7703149 1 P 0
L 1.7551575 0.8096851 1.7748426 0.809685 1 P 0
L 1.761811 0.8799213 1.761811 0.9192913 1 P 0
L 1.761811 0.8799213 1.781496 0.8799213 1 P 0
L 1.761811 0.9192913 1.781496 0.9192913 1 P 0
L 1.7627953 1.214567 1.7627953 1.253937 1 P 0
L 1.7627953 1.214567 1.7824803 1.214567 1 P 0
L 1.7627953 1.253937 1.7824803 1.253937 1 P 0
L 1.7748425 0.7703149 1.7748426 0.809685 1 P 0
L 1.781496 0.8799213 1.781496 0.9192913 1 P 0
L 1.7824803 1.214567 1.7824803 1.253937 1 P 0
L 1.7941575 0.776315 1.7941575 0.815685 1 P 0
L 1.7941575 0.776315 1.8138425 0.776315 1 P 0
L 1.7941575 0.815685 1.8138425 0.815685 1 P 0
L 1.8001969 0.8799213 1.8001969 0.9192913 1 P 0
L 1.8001969 0.8799213 1.8198819 0.8799213 1 P 0
L 1.8001969 0.9192913 1.8198819 0.9192913 1 P 0
L 1.8011811 1.5295275 1.8011811 1.5925197 1 P 0
L 1.8011811 1.5295275 1.8326771 1.5295275 1 P 0
L 1.8011811 1.5925197 1.8326771 1.5925197 1 P 0
L 1.8090551 1.4114174 1.8090551 1.4507874 1 P 0
L 1.8090551 1.4114174 1.8287401 1.4114174 1 P 0
L 1.8090551 1.4507874 1.8287401 1.4507874 1 P 0
L 1.8138425 0.776315 1.8138425 0.815685 1 P 0
L 1.8198819 0.8799213 1.8198819 0.9192913 1 P 0
L 1.8221653 1.5925197 1.8326771 1.5820079 1 P 0
L 1.8287401 1.4114174 1.8287401 1.4507874 1 P 0
L 1.8326771 1.5295275 1.8326771 1.5925197 1 P 0
L 1.8385827 0.8799213 1.8385827 0.9192913 1 P 0
L 1.8385827 0.8799213 1.8582677 0.8799213 1 P 0
L 1.8385827 0.9192913 1.8582677 0.9192913 1 P 0
L 1.8444882 0.7744136 1.8444882 0.8137836 1 P 0
L 1.8444882 0.7744136 1.8641732 0.7744136 1 P 0
L 1.8444882 0.8137836 1.8641732 0.8137836 1 P 0
L 1.8474409 0.4104332 1.8474409 0.4498032 1 P 0
L 1.8474409 0.4104332 1.8671259 0.4104332 1 P 0
L 1.8474409 0.4498032 1.8671259 0.4498032 1 P 0
L 1.8582677 0.8799213 1.8582677 0.9192913 1 P 0
L 1.8641732 0.7744136 1.8641732 0.8137836 1 P 0
L 1.8661417 1.261811 1.8661418 1.222441 1 P 0
L 1.8661417 1.261811 1.8858268 1.261811 1 P 0
L 1.8661418 1.222441 1.8858269 1.222441 1 P 0
L 1.8671259 0.4104332 1.8671259 0.4498032 1 P 0
L 1.8769685 0.8799213 1.8769685 0.9192913 1 P 0
L 1.8769685 0.8799213 1.8966535 0.8799213 1 P 0
L 1.8769685 0.9192913 1.8966535 0.9192913 1 P 0
L 1.8858268 1.261811 1.8858269 1.222441 1 P 0
L 1.8927165 0.9704724 1.8927165 1.1673228 1 P 0
L 1.8966535 0.8799213 1.8966535 0.9192913 1 P 0
L 1.9045276 1.222441 1.9045276 1.261811 1 P 0
L 1.9045276 1.222441 1.9242126 1.222441 1 P 0
L 1.9045276 1.261811 1.9242126 1.261811 1 P 0
L 1.9153543 0.8799213 1.9153543 0.9192913 1 P 0
L 1.9153543 0.8799213 1.9350393 0.8799213 1 P 0
L 1.9153543 0.9192913 1.9350393 0.9192913 1 P 0
L 1.9183071 0.3110237 1.9183071 0.3503937 1 P 0
L 1.9183071 0.3110237 1.9379921 0.3110237 1 P 0
L 1.9183071 0.3503937 1.9379921 0.3503937 1 P 0
L 1.9232283 0.4921261 1.9232283 0.7283465 1 P 0
L 1.9242126 1.222441 1.9242126 1.261811 1 P 0
L 1.9251024 1.3584016 1.9251024 1.3977716 1 P 0
L 1.9251024 1.3584016 1.9447874 1.3584016 1 P 0
L 1.9251024 1.3977716 1.9447874 1.3977716 1 P 0
L 1.9350393 0.8799213 1.9350393 0.9192913 1 P 0
L 1.9379921 0.3110237 1.9379921 0.3503937 1 P 0
L 1.9447874 1.3584016 1.9447874 1.3977716 1 P 0
L 1.9458661 1.1476378 1.9458661 1.273622 2 P 0
L 1.9458661 1.1476378 2.0442913 1.1476378 2 P 0
L 1.9458661 1.273622 2.0442913 1.273622 2 P 0
L 1.9566929 0.679134 1.9566929 0.718504 1 P 0
L 1.9566929 0.679134 1.9763779 0.679134 1 P 0
L 1.9566929 0.718504 1.9763779 0.718504 1 P 0
L 1.9576772 0.7696851 1.9576772 0.7893701 1 P 0
L 1.9576772 0.7696851 1.9970472 0.7696851 1 P 0
L 1.9576772 0.7893701 1.9970472 0.7893701 1 P 0
L 1.9616142 1.0885827 1.9616142 1.1082677 1 P 0
L 1.9616142 1.0885827 2.0009842 1.0885827 1 P 0
L 1.9616142 1.1082677 2.0009842 1.1082677 1 P 0
L 1.9641575 0.534315 1.9641575 0.573685 1 P 0
L 1.9641575 0.534315 1.9838425 0.534315 1 P 0
L 1.9641575 0.573685 1.9838425 0.573685 1 P 0
L 1.9763779 0.679134 1.9763779 0.718504 1 P 0
L 1.980315 0.4704725 1.980315 0.4901575 1 P 0
L 1.980315 0.4704725 2.019685 0.4704725 1 P 0
L 1.980315 0.4901575 2.019685 0.4901575 1 P 0
L 1.980315 0.831693 1.980315 0.871063 0 P 0
L 1.980315 0.831693 2.003937 0.831693 0 P 0
L 1.980315 0.871063 2.003937 0.871063 0 P 0
L 1.980315 0.8828741 1.980315 0.9222441 0 P 0
L 1.980315 0.8828741 2.003937 0.8828741 0 P 0
L 1.980315 0.9222441 2.003937 0.9222441 0 P 0
L 1.9838425 0.534315 1.9838425 0.573685 1 P 0
L 1.9862205 1.0157481 1.9862205 1.0551181 1 P 0
L 1.9862205 1.0157481 2.0059055 1.0157481 1 P 0
L 1.9862205 1.0551181 2.0059055 1.0551181 1 P 0
L 1.996063 0.3326772 1.996063 0.4468504 1 P 0
L 1.996063 0.3326772 2.0590552 0.3326772 1 P 0
L 1.996063 0.4468504 2.0590552 0.4468504 1 P 0
L 1.9970472 0.7696851 1.9970472 0.7893701 1 P 0
L 2.0009842 1.0885827 2.0009842 1.1082677 1 P 0
L 2.0028582 1.3397008 2.0028582 1.453874 1 P 0
L 2.0028582 1.3397008 2.0658504 1.3397008 1 P 0
L 2.0028582 1.453874 2.0658504 1.453874 1 P 0
L 2.003937 0.831693 2.003937 0.871063 0 P 0
L 2.003937 0.8828741 2.003937 0.9222441 0 P 0
L 2.0059055 1.0157481 2.0059055 1.0551181 1 P 0
L 2.019685 0.4704725 2.019685 0.4901575 1 P 0
L 2.0216536 0.3326772 2.0590552 0.3700788 1 P 0
L 2.0284488 1.3397008 2.0658504 1.3771024 1 P 0
L 2.0431103 0.7350394 2.0431103 1.0444882 1 P 0
L 2.0431103 0.7350394 2.2419292 0.7350394 1 P 0
L 2.0431103 1.0444882 2.2419292 1.0444882 1 P 0
L 2.0442913 1.1476378 2.0442913 1.273622 2 P 0
L 2.0590552 0.3326772 2.0590552 0.4468504 1 P 0
L 2.0658504 1.3397008 2.0658504 1.453874 1 P 0
L 2.0688977 1.1732284 2.0688977 1.2125984 1 P 0
L 2.0688977 1.1732284 2.0885827 1.1732284 1 P 0
L 2.0688977 1.2125984 2.0885827 1.2125984 1 P 0
L 2.0885827 1.1732284 2.0885827 1.2125984 1 P 0
L 2.2419292 0.7350394 2.2419292 1.0444882 1 P 0
L 2.2419292 0.7350394 2.2659449 0.7125984 1 P 0
L 2.2419292 0.7519685 2.2659449 0.7322835 1 P 0
L 2.2419292 0.7913386 2.2659449 0.7913386 1 P 0
L 2.2419292 0.988189 2.2659449 0.988189 1 P 0
L 2.2419292 1.0275591 2.2659449 1.0472441 1 P 0
L 2.2419292 1.0444882 2.2659449 1.0669292 1 P 0
L 2.2659449 0.7125984 2.2659449 0.7322835 1 P 0
L 2.2659449 0.7913386 2.2659449 0.988189 1 P 0
L 2.2659449 1.0472441 2.2659449 1.0669292 1 P 0
